Environmental_rasters/Annual_precipitation_RABV_CA_04.asc
NCOLS 192 
NROWS 168 
XLLCORNER 101 
YLLCORNER 9 
CELLSIZE 0.0416666666666667 
NODATA_value -9999 
[rows 0 to 36 of 168, columns 83 to 165 of 192]
1465 1474 1485 1489 1494 1498 1499 1504 1509 1503 1500 1509 1512 1525 1526 1526 1531 1542 1548 1554 1560 1566 1567 1576 1591 1599 1607 1611 1640 1657 1657 1655 1659 1676 1703 1700 1746 1830 1857 1844 1658 1626 1605 1606 1665 1697 1932 1949 1721 2112 2291 2347 2390 2388 2658 2917 2904 2919 3065 2777 3019 3126 2914 3002 3047 2994 2998 2950 2844 2876 2836 2784 2644 2570 2596 2521 2509 2495 2339 2232 2213 2230 2188
1456 1464 1479 1489 1496 1495 1495 1499 1503 1502 1507 1514 1521 1530 1532 1537 1542 1550 1557 1563 1571 1573 1589 1598 1605 1613 1619 1629 1628 1640 1651 1667 1679 1729 1837 1730 1697 1861 1936 1920 1845 1723 1604 1586 1592 1690 1687 1635 1692 2109 2306 2376 2493 2559 2906 2985 2920 2777 2584 3067 3200 3103 2982 3101 3060 3061 2959 2935 2919 2892 2859 2767 2590 2540 2447 2421 2404 2380 2270 2231 2223 2352 2243
1450 1465 1469 1476 1479 1487 1487 1495 1505 1506 1517 1524 1524 1534 1537 1543 1554 1560 1565 1573 1583 1581 1597 1612 1622 1632 1637 1644 1658 1650 1645 1648 1666 1702 1751 1777 1710 1670 1664 1701 1753 1715 1653 1573 1562 1596 1749 1866 2026 2169 2386 2444 2411 2692 2768 2455 2906 3076 2312 2826 3043 3116 3043 3030 3035 3031 2987 3000 2941 2875 2889 2799 2607 2518 2566 2625 2379 2438 2360 2267 2156 2149 2139
1446 1460 1460 1470 1482 1481 1488 1495 1505 1510 1519 1523 1531 1539 1548 1555 1563 1572 1580 1586 1596 1602 1605 1616 1630 1643 1652 1657 1664 1657 1665 1662 1677 1716 1794 1802 1776 1684 1662 1669 1684 1687 1700 1651 1543 1545 1567 1688 1938 2099 2415 2231 2212 2554 2378 2085 2359 2416 2579 3146 3211 3206 3001 3099 3112 3006 2970 2975 2961 2937 2873 2763 2595 2646 2580 2589 2427 2370 2272 2242 2205 2129 2091
1438 1450 1456 1461 1473 1480 1487 1495 1507 1513 1523 1527 1536 1549 1557 1568 1581 1586 1593 1606 1612 1621 1616 1619 1628 1637 1660 1673 1684 1678 1670 1679 1692 1719 1797 1858 1865 1782 1777 1718 1797 1780 1614 1574 1534 1531 1554 1779 1912 1849 2304 2514 2207 2208 2100 2189 2651 2421 2861 3206 3169 3188 3102 3091 3083 3021 2989 2979 2977 2917 2832 2593 2475 2501 2416 2347 2369 2301 2187 2158 2150 2074 2066
1433 1441 1448 1462 1473 1483 1490 1497 1508 1515 1527 1534 1543 1558 1567 1580 1590 1601 1613 1617 1618 1627 1644 1635 1637 1651 1668 1695 1712 1705 1689 1686 1706 1754 1676 1661 1684 1768 1624 1610 1597 1582 1559 1541 1529 1510 1521 1544 1587 1642 1932 2300 2297 2103 2034 2080 2362 2305 2477 3034 3115 3200 3142 3009 2969 2974 3010 3011 2938 2853 2848 2722 2393 2413 2496 2328 2348 2176 2186 2129 2089 2069 2076
1433 1440 1448 1459 1470 1478 1488 1498 1510 1518 1535 1545 1553 1565 1579 1591 1599 1615 1623 1633 1638 1642 1655 1667 1677 1701 1697 1695 1727 1723 1711 1707 1701 1687 1694 1673 1662 1653 1632 1613 1597 1576 1557 1544 1530 1512 1496 1496 1525 1576 1869 1836 2212 2103 1906 1912 2102 2361 2825 3056 3129 3108 3141 2948 2927 2901 2988 3013 2947 2779 2737 2630 2353 2240 2381 2349 2243 2340 2305 2138 2051 2067 2075
1427 1437 1447 1453 1467 1476 1490 1502 1514 1526 1540 1551 1564 1574 1591 1605 1616 1631 1647 1649 1655 1667 1679 1693 1715 1728 1733 1724 1724 1737 1733 1730 1721 1714 1708 1693 1680 1664 1644 1627 1607 1589 1565 1548 1536 1522 1507 1492 1523 1572 1611 1667 1843 2330 2103 2025 1981 2186 2418 2829 3077 3015 3032 2963 2923 2931 3016 3003 2972 2885 2661 2650 2397 2357 2230 2261 2218 2286 2146 2069 2153 2147 2090
1413 1424 1441 1453 1464 1474 1489 1503 1515 1532 1546 1563 1580 1590 1604 1620 1632 1646 1657 1668 1680 1692 1712 1728 1729 1749 1764 1790 1738 1756 1755 1766 1744 1737 1728 1713 1704 1688 1670 1654 1633 1614 1592 1577 1562 1540 1526 1540 1834 1988 1683 1667 1731 1945 2259 1976 2072 2260 2483 2883 3092 3095 3019 2985 2993 3015 3003 2977 2954 2626 2591 2397 2500 2395 2255 2221 2216 2088 2134 2195 2074 2140 2236
1417 1435 1445 1453 1466 1479 1492 1505 1517 1538 1551 1570 1587 1608 1615 1637 1658 1666 1675 1688 1698 1705 1738 1743 1750 1766 1790 1806 1761 1804 1810 1812 1769 1759 1748 1743 1734 1723 1707 1693 1673 1647 1623 1618 1609 1578 1591 1577 2110 2597 1787 1689 1740 1800 2049 1906 2051 2251 2472 2696 2845 3048 3044 3047 3030 3013 3000 2974 2947 2839 2514 2490 2392 2332 2311 2287 2250 2136 2162 2255 2166 2032 2032
1431 1438 1445 1456 1468 1481 1496 1508 1528 1543 1556 1582 1597 1616 1630 1654 1678 1689 1701 1711 1720 1733 1773 1764 1773 1784 1803 1818 1799 1815 1818 1806 1802 1799 1791 1785 1773 1769 1754 1742 1721 1700 1691 1690 1748 1817 1685 1717 2158 2203 1731 1826 1902 1859 1918 1917 2076 2413 2510 2563 2651 2958 3017 3013 3025 3016 2996 2972 2936 2903 2772 2607 2680 2533 2325 2437 2289 2120 2223 2225 2048 2045 2003
1426 1436 1444 1457 1473 1486 1502 1517 1531 1546 1564 1587 1610 1632 1655 1678 1702 1720 1728 1738 1751 1763 1786 1798 1808 1821 1824 1831 1849 1874 1845 1842 1848 1846 1832 1824 1827 1813 1806 1794 1793 1798 1776 1761 1803 1986 1976 1855 2079 1872 1839 2028 1947 1980 1838 1910 1970 2239 2500 2649 2747 2991 3020 3003 3011 3003 2989 2965 2928 2884 2850 2721 2742 2678 2440 2473 2507 2169 2140 2185 2062 2120 2090
1419 1433 1444 1457 1473 1492 1505 1521 1536 1554 1574 1587 1623 1649 1679 1704 1728 1745 1759 1767 1782 1795 1812 1823 1836 1862 1868 1871 1892 1896 1902 1896 1896 1886 1878 1870 1860 1854 1848 1852 1860 1878 1898 1937 2092 2069 2154 2105 2033 1978 1955 2053 1982 1926 1851 1929 2041 2354 2479 2760 2826 2957 2993 3003 2990 2993 2983 2955 2925 2876 2860 2754 2748 2717 2477 2612 2592 2221 2181 2205 2133 2051 2030
1417 1429 1444 1458 1469 1493 1508 1526 1537 1560 1586 1606 1632 1661 1694 1728 1755 1774 1789 1799 1813 1832 1846 1856 1865 1892 1908 1903 1922 1933 1951 1963 1957 1937 1924 1908 1894 1883 1885 1898 1925 1937 1991 2096 2476 2273 2241 2137 2055 2022 1999 1936 1968 1916 1892 1947 1987 2278 2472 2821 2838 2863 2951 2956 2970 2978 2965 2940 2891 2855 2810 2684 2726 2701 2527 2603 2528 2315 2250 2163 2081 2107 2073
1415 1433 1446 1458 1470 1480 1509 1519 1538 1564 1593 1621 1652 1678 1713 1753 1784 1805 1821 1834 1849 1864 1878 1891 1900 1914 1921 1942 1958 1964 1969 1999 2025 1996 1974 1953 1935 1913 1919 1940 1991 2051 2113 2169 2277 2464 2405 2440 2176 2020 1972 1976 1941 1936 2000 1971 2066 2160 2647 2786 2761 2805 2844 2904 2935 2942 2939 2923 2902 2853 2683 2717 2785 2710 2647 2644 2534 2489 2337 2153 2088 2165 2376
1417 1423 1436 1454 1468 1480 1502 1517 1539 1562 1593 1625 1662 1700 1737 1780 1814 1838 1858 1874 1887 1902 1911 1925 1927 1942 1951 1964 1980 2000 2012 2061 2073 2041 2015 1997 1972 1952 2079 2185 2169 2243 2269 2324 2381 2447 2478 2502 2364 2345 2066 1973 2001 1966 1968 1996 2122 2154 2380 2644 2460 2782 2865 2886 2923 2937 2890 2901 2894 2798 2541 2748 2720 2592 2632 2631 2589 2557 2272 2235 2163 2058 2117
1412 1423 1436 1448 1464 1476 1495 1514 1534 1566 1599 1631 1677 1717 1760 1802 1842 1874 1893 1908 1922 1935 1944 1959 1956 1969 1981 1993 2005 2035 2069 2087 2075 2061 2042 2024 2007 2059 2227 2289 2325 2381 2416 2437 2445 2493 2634 2620 2590 2502 2455 2095 1986 1973 1992 2040 2100 2167 2164 2350 2382 2590 2881 2911 2913 2921 2791 2847 2859 2826 2604 2599 2497 2640 2633 2630 2589 2608 2346 2375 2203 2229 2193
1420 1427 1435 1442 1457 1473 1488 1510 1540 1581 1604 1635 1680 1728 1780 1837 1876 1911 1932 1945 1949 1964 1975 1981 1988 2006 2007 2019 2026 2056 2085 2090 2083 2075 2072 2060 2037 2080 2232 2290 2363 2426 2474 2491 2506 2537 2634 2650 2672 2699 2628 2628 2351 2059 2026 2042 2110 2150 2252 2365 2542 2742 2892 2893 2884 2869 2745 2660 2811 2771 2694 2516 2521 2662 2653 2661 2623 2618 2421 2510 2263 2218 2256
1420 1429 1438 1453 1455 1466 1484 1503 1530 1578 1599 1632 1691 1756 1816 1871 1917 1952 1978 1978 1982 1997 2002 1995 2008 2018 2031 2044 2040 2056 2085 2093 2096 2107 2102 2089 2074 2184 2226 2272 2369 2455 2501 2521 2551 2564 2570 2564 2543 2587 2683 2701 2665 2492 2096 2075 2150 2272 2367 2484 2705 2828 2857 2849 2833 2813 2796 2499 2667 2729 2747 2449 2528 2596 2632 2671 2652 2643 2538 2567 2315 2397 2467
1415 1422 1442 1456 1464 1462 1481 1513 1545 1581 1602 1651 1694 1761 1824 1894 1951 1985 2003 2007 2005 2004 1991 1986 2021 2035 2046 2056 2065 2059 2083 2099 2102 2115 2122 2116 2105 2116 2173 2260 2348 2458 2517 2548 2556 2564 2561 2554 2527 2508 2530 2602 2614 2603 2193 2129 2162 2327 2373 2458 2670 2870 2805 2782 2767 2735 2707 2616 2333 2402 2426 2538 2576 2690 2644 2644 2634 2628 2506 2435 2308 2347 2483
1410 1418 1428 1443 1456 1467 1484 1515 1535 1565 1603 1649 1692 1761 1823 1904 1976 2009 2019 2019 2015 2004 1976 2008 2036 2047 2053 2063 2073 2089 2084 2102 2117 2135 2147 2149 2141 2144 2155 2254 2358 2473 2529 2559 2566 2563 2550 2533 2508 2485 2479 2480 2424 2327 2282 2343 2181 2279 2289 2443 2579 2781 2787 2721 2737 2517 2625 2639 2356 2382 2468 2694 2654 2700 2679 2669 2622 2558 2386 2412 2400 2397 2342
1413 1426 1445 1451 1458 1479 1492 1514 1535 1557 1595 1635 1681 1743 1804 1889 1961 2001 2014 2009 2008 2001 1979 2015 2043 2052 2063 2073 2088 2103 2118 2115 2128 2157 2170 2170 2161 2189 2290 2348 2399 2492 2539 2549 2548 2544 2523 2500 2487 2470 2465 2412 2453 2496 2638 2674 2355 2235 2265 2367 2492 2593 2731 2656 2505 2408 2392 2335 2294 2525 2677 2696 2670 2700 2708 2666 2605 2484 2330 2372 2384 2514 2526
1418 1427 1440 1453 1464 1477 1493 1512 1525 1550 1581 1619 1658 1712 1773 1843 1910 1951 1975 1986 1993 1982 1976 2018 2048 2061 2072 2083 2095 2112 2126 2134 2140 2155 2183 2183 2179 2195 2240 2275 2308 2402 2528 2514 2507 2529 2514 2499 2473 2455 2461 2475 2557 2635 2653 2660 2608 2280 2270 2352 2514 2570 2557 2557 2467 2267 2290 2371 2335 2582 2641 2688 2686 2731 2718 2687 2552 2394 2270 2309 2474 2543 2535
1414 1427 1440 1450 1463 1475 1492 1506 1521 1544 1568 1597 1629 1672 1719 1785 1847 1892 1925 1948 1969 1958 1978 2021 2042 2058 2071 2091 2105 2122 2139 2155 2192 2185 2170 2187 2196 2208 2219 2240 2265 2343 2500 2459 2449 2474 2503 2504 2466 2438 2491 2512 2577 2658 2693 2673 2677 2348 2312 2352 2479 2652 2417 2485 2392 2380 2258 2572 2360 2527 2649 2734 2701 2708 2664 2656 2583 2392 2279 2274 2523 2544 2554
1416 1428 1440 1446 1462 1474 1490 1503 1517 1536 1556 1572 1599 1628 1668 1719 1781 1832 1878 1915 1943 1943 1974 2016 2038 2070 2081 2112 2120 2121 2140 2149 2171 2223 2175 2220 2240 2242 2255 2276 2295 2347 2459 2419 2401 2392 2424 2498 2423 2458 2505 2538 2586 2631 2689 2691 2687 2381 2354 2358 2371 2543 2390 2433 2398 2335 2257 2578 2556 2475 2646 2739 2698 2607 2576 2502 2546 2393 2240 2265 2344 2380 2528
1419 1432 1441 1450 1465 1478 1491 1502 1513 1528 1540 1554 1569 1584 1610 1659 1724 1785 1839 1883 1915 1937 1957 2004 2037 2059 2084 2094 2120 2136 2142 2204 2235 2239 2197 2243 2271 2280 2297 2314 2337 2385 2399 2369 2376 2383 2397 2413 2396 2527 2551 2584 2618 2640 2709 2721 2615 2409 2394 2389 2384 2399 2405 2406 2378 2396 2376 2481 2500 2554 2587 2649 2644 2621 2432 2398 2459 2345 2224 2395 2261 2368 2505
1425 1433 1443 1452 1466 1479 1488 1499 1510 1523 1531 1543 1545 1547 1562 1614 1684 1748 1804 1854 1897 1923 1953 1994 2029 2062 2104 2090 2115 2132 2142 2229 2291 2217 2227 2273 2299 2316 2337 2359 2374 2384 2389 2395 2399 2407 2411 2411 2463 2568 2575 2609 2632 2673 2694 2673 2487 2443 2444 2430 2420 2403 2380 2381 2392 2391 2424 2408 2313 2454 2587 2566 2525 2478 2496 2361 2317 2261 2275 2494 2367 2312 2427
1422 1430 1444 1453 1470 1482 1493 1504 1513 1522 1532 1537 1539 1538 1545 1604 1666 1725 1780 1834 1878 1916 1944 1990 2028 2064 2093 2098 2120 2136 2163 2251 2252 2224 2257 2304 2339 2364 2387 2406 2414 2417 2421 2429 2432 2433 2435 2432 2503 2602 2613 2630 2657 2679 2594 2504 2494 2495 2489 2468 2443 2417 2390 2367 2361 2365 2341 2360 2301 2383 2541 2470 2369 2302 2307 2305 2358 2244 2288 2416 2458 2267 2246
1424 1439 1454 1458 1471 1484 1496 1511 1521 1527 1534 1540 1545 1554 1571 1615 1669 1722 1774 1822 1871 1906 1939 1986 2022 2058 2108 2103 2130 2155 2179 2207 2220 2259 2287 2339 2385 2423 2442 2451 2454 2451 2453 2459 2460 2457 2455 2457 2529 2631 2644 2668 2669 2684 2582 2514 2537 2534 2509 2485 2455 2429 2411 2397 2368 2404 2377 2318 2297 2314 2487 2367 2247 2240 2253 2335 2396 2240 2347 2485 2487 2234 2231
1431 1449 1461 1464 1479 1492 1506 1516 1532 1540 1545 1552 1565 1575 1596 1628 1674 1721 1768 1817 1861 1901 1939 1984 2022 2055 2072 2111 2148 2177 2200 2239 2273 2320 2369 2388 2445 2494 2498 2498 2492 2486 2482 2480 2477 2477 2473 2475 2533 2572 2601 2652 2609 2596 2515 2524 2546 2537 2511 2491 2476 2456 2442 2430 2398 2412 2404 2313 2277 2259 2336 2349 2256 2215 2249 2247 2388 2261 2336 2446 2411 2172 2250
1437 1454 1461 1471 1491 1501 1515 1527 1540 1555 1562 1572 1584 1596 1618 1649 1684 1732 1774 1819 1861 1903 1942 1988 2029 2072 2092 2118 2155 2200 2236 2282 2327 2375 2426 2456 2526 2559 2561 2550 2534 2521 2507 2498 2494 2492 2484 2474 2468 2483 2529 2607 2514 2510 2513 2538 2539 2552 2539 2514 2501 2470 2449 2421 2414 2421 2423 2354 2300 2290 2275 2244 2264 2345 2441 2335 2275 2250 2215 2217 2186 2118 2240
1446 1460 1464 1477 1501 1514 1525 1537 1551 1563 1577 1591 1603 1620 1645 1671 1703 1742 1785 1826 1866 1908 1940 1984 2026 2077 2092 2134 2172 2220 2266 2318 2384 2438 2480 2557 2590 2600 2616 2607 2584 2554 2537 2516 2509 2492 2489 2484 2483 2494 2509 2514 2506 2515 2535 2571 2546 2541 2539 2593 2613 2588 2574 2545 2458 2496 2471 2482 2399 2372 2380 2365 2394 2470 2472 2392 2307 2263 2210 2167 2128 2112 2139
1455 1471 1489 1504 1525 1531 1541 1556 1565 1580 1592 1605 1623 1645 1666 1694 1720 1752 1789 1829 1871 1906 1945 1980 2024 2078 2097 2143 2190 2242 2297 2356 2430 2482 2558 2576 2507 2615 2662 2643 2615 2581 2559 2524 2516 2506 2491 2491 2497 2507 2505 2510 2510 2518 2534 2590 2564 2590 2618 2674 2708 2724 2770 2707 2603 2546 2533 2528 2494 2413 2376 2415 2431 2469 2468 2401 2334 2271 2245 2168 2113 2078 2058
1468 1487 1503 1512 1530 1545 1559 1578 1590 1603 1616 1630 1648 1667 1692 1715 1739 1767 1801 1839 1879 1905 1945 1981 2026 2087 2096 2143 2194 2248 2313 2377 2452 2510 2612 2604 2514 2633 2668 2658 2631 2605 2577 2535 2519 2509 2503 2502 2510 2498 2505 2510 2534 2575 2568 2624 2634 2657 2685 2717 2723 2752 2741 2698 2709 2663 2589 2620 2578 2494 2435 2431 2479 2479 2483 2419 2348 2278 2285 2318 2143 2065 2028
1475 1495 1510 1528 1542 1565 1579 1595 1612 1625 1640 1659 1674 1697 1720 1738 1754 1778 1811 1848 1884 1911 1933 1977 2037 2083 2096 2143 2189 2242 2307 2383 2462 2521 2638 2545 2548 2680 2640 2646 2627 2608 2579 2541 2515 2502 2498 2500 2495 2495 2526 2554 2621 2618 2628 2656 2679 2676 2704 2719 2692 2695 2694 2673 2664 2659 2648 2649 2644 2629 2547 2484 2471 2453 2470 2435 2294 2224 2227 2265 2156 2068 2027
1494 1507 1524 1539 1556 1581 1599 1616 1631 1645 1662 1682 1699 1720 1738 1750 1766 1796 1830 1859 1892 1916 1937 1977 2036 2050 2084 2136 2178 2231 2297 2374 2439 2503 2602 2532 2537 2603 2618 2628 2616 2597 2582 2552 2504 2492 2492 2487 2485 2502 2584 2621 2634 2638 2646 2643 2686 2706 2700 2725 2722 2732 2726 2701 2681 2669 2654 2637 2646 2632 2606 2556 2489 2445 2414 2363 2193 2239 2232 2205 2198 2080 2023
1507 1517 1534 1548 1569 1593 1618 1635 1652 1667 1680 1697 1717 1739 1752 1765 1781 1808 1832 1869 1916 1934 1950 1984 2011 2024 2072 2118 2162 2211 2269 2337 2399 2450 2541 2493 2490 2561 2583 2602 2586 2571 2568 2565 2488 2474 2477 2474 2497 2531 2587 2629 2643 2641 2642 2675 2662 2674 2698 2733 2788 2786 2740 2726 2777 2740 2652 2609 2605 2577 2569 2556 2551 2449 2378 2205 2212 2476 2471 2235 2212 2091 2015
