Environmental_rasters/Annual_precipitation_RABV_CA_04.asc
NCOLS 192 
NROWS 168 
XLLCORNER 101 
YLLCORNER 9 
CELLSIZE 0.0416666666666667 
NODATA_value -9999 
[rows 0 to 36 of 168, columns 0 to 82 of 192]
1232.000000000000000 1235 1228 1219 1214 1182 1164 1171 1141 1077 1128 1082 1079 1038 1034 1038 1060 1035 1036 1027 1022 1024 998 1000 1019 1000 983 995 1014 1028 1031 1031 1034 1042 1057 1059 1069 1077 1080 1088 1091 1098 1103 1109 1111 1114 1117 1123 1127 1129 1130 1136 1141 1148 1155 1161 1171 1186 1200 1217 1235 1253 1272 1289 1299 1303 1304 1301 1304 1296 1293 1303 1311 1331 1346 1362 1378 1396 1407 1418 1432 1449 1460
1230 1229 1224 1224 1216 1151 1179 1175 1121 1104 1116 1019 1015 1037 1052 1061 1076 1066 1066 1070 1066 1053 1015 1046 1060 1047 1022 1020 1029 1023 1017 1018 1017 1032 1045 1050 1061 1070 1076 1084 1089 1095 1101 1106 1111 1113 1116 1123 1124 1131 1133 1137 1142 1146 1153 1159 1169 1183 1197 1214 1230 1246 1264 1281 1293 1293 1297 1298 1301 1295 1292 1304 1315 1333 1348 1356 1372 1389 1403 1414 1429 1444 1450
1229 1227 1230 1231 1184 1138 1158 1154 1096 1149 1101 1039 1045 1065 1081 1099 1094 1084 1072 1071 1066 1061 1061 1066 1068 1059 1045 1032 1025 1015 1009 1001 1010 1024 1032 1044 1050 1060 1067 1076 1085 1088 1097 1101 1109 1113 1119 1122 1124 1129 1134 1139 1142 1147 1151 1154 1165 1179 1192 1206 1225 1239 1258 1271 1277 1287 1295 1298 1299 1293 1295 1306 1315 1333 1348 1361 1373 1384 1397 1408 1421 1435 1444
1225 1225 1237 1240 1207 1187 1158 1124 1122 1160 1089 1103 1101 1100 1101 1099 1081 1083 1076 1073 1069 1067 1071 1077 1076 1064 1051 1033 1022 1014 1006 996 1009 1020 1027 1037 1043 1055 1062 1072 1077 1087 1093 1099 1106 1114 1117 1123 1120 1125 1135 1143 1146 1148 1153 1153 1167 1176 1183 1199 1221 1236 1250 1261 1269 1281 1290 1294 1299 1301 1301 1309 1315 1324 1344 1360 1370 1379 1391 1406 1420 1430 1436
1226 1230 1237 1246 1233 1229 1208 1150 1157 1160 1100 1130 1124 1130 1106 1102 1093 1089 1081 1076 1073 1070 1070 1078 1093 1072 1052 1038 1025 1014 1004 1000 1010 1019 1027 1035 1046 1054 1067 1071 1077 1084 1092 1096 1103 1111 1117 1123 1123 1130 1138 1143 1150 1152 1158 1160 1164 1170 1184 1198 1214 1230 1246 1261 1270 1278 1284 1292 1298 1298 1302 1304 1316 1321 1334 1360 1368 1380 1395 1400 1411 1423 1424
1231 1237 1250 1258 1254 1252 1237 1165 1118 1147 1090 1138 1150 1141 1107 1101 1099 1086 1072 1067 1065 1067 1067 1073 1076 1058 1044 1032 1025 1014 1010 1012 1011 1019 1027 1034 1043 1053 1061 1070 1076 1084 1089 1098 1105 1113 1116 1126 1128 1137 1143 1151 1156 1159 1162 1165 1168 1175 1190 1199 1219 1231 1246 1257 1266 1275 1284 1288 1293 1300 1309 1316 1319 1328 1344 1349 1361 1368 1382 1394 1405 1413 1424
1226 1239 1254 1260 1268 1267 1257 1201 1102 1101 1094 1126 1128 1114 1111 1097 1093 1084 1075 1059 1049 1046 1050 1051 1050 1043 1036 1026 1017 1016 1021 1022 1018 1023 1030 1039 1044 1050 1062 1072 1076 1085 1093 1100 1105 1111 1118 1125 1130 1142 1148 1156 1161 1164 1167 1171 1176 1185 1196 1210 1223 1231 1241 1256 1266 1272 1283 1289 1296 1304 1306 1314 1324 1337 1339 1342 1354 1366 1382 1390 1395 1406 1422
1216 1246 1258 1262 1279 1283 1279 1226 1143 1089 1093 1141 1131 1119 1105 1094 1086 1077 1061 1051 1045 1036 1031 1032 1030 1026 1026 1022 1021 1025 1022 1022 1021 1025 1033 1040 1045 1051 1060 1069 1077 1084 1094 1097 1106 1113 1122 1127 1137 1145 1153 1159 1165 1170 1173 1179 1185 1192 1202 1213 1223 1236 1246 1257 1260 1268 1279 1285 1295 1304 1307 1314 1321 1334 1343 1340 1351 1364 1379 1385 1390 1403 1414
1212 1248 1263 1280 1286 1295 1294 1242 1191 1059 1091 1135 1139 1129 1106 1101 1083 1067 1052 1036 1027 1006 1019 1024 1022 1018 1015 1015 1018 1020 1021 1019 1022 1033 1037 1041 1047 1053 1062 1070 1079 1085 1094 1101 1109 1119 1126 1134 1145 1149 1159 1165 1172 1177 1181 1186 1194 1198 1206 1216 1223 1238 1250 1255 1266 1268 1278 1287 1291 1302 1310 1312 1321 1329 1337 1343 1347 1361 1373 1388 1398 1402 1406
1225 1250 1263 1283 1300 1311 1299 1217 1214 1081 1110 1128 1124 1122 1123 1106 1086 1061 1039 1025 1009 987 1006 1007 1016 1008 1012 1014 1014 1019 1017 1020 1025 1035 1039 1042 1050 1056 1060 1070 1079 1088 1097 1103 1112 1123 1131 1139 1149 1156 1163 1170 1180 1184 1190 1193 1201 1209 1216 1220 1231 1243 1249 1259 1267 1273 1282 1296 1296 1306 1311 1317 1316 1330 1338 1343 1347 1360 1375 1383 1397 1405 1407
1230 1249 1269 1292 1312 1325 1311 1245 1233 1108 1175 1185 1148 1148 1132 1109 1085 1057 1030 1010 998 990 995 1002 1006 1011 1010 1009 1014 1017 1018 1024 1028 1035 1044 1047 1054 1061 1065 1074 1082 1086 1099 1106 1115 1128 1131 1144 1152 1164 1167 1175 1183 1188 1192 1201 1208 1215 1227 1239 1243 1241 1245 1254 1271 1278 1280 1287 1298 1308 1313 1320 1327 1330 1337 1339 1348 1356 1370 1381 1390 1405 1413
1227 1251 1270 1302 1323 1339 1318 1234 1277 1125 1204 1191 1178 1161 1137 1110 1086 1053 1027 999 978 981 984 986 994 997 1004 1008 1012 1017 1021 1022 1028 1037 1045 1050 1056 1062 1074 1079 1086 1095 1101 1107 1118 1126 1135 1143 1153 1165 1174 1184 1196 1200 1204 1208 1216 1223 1226 1239 1249 1256 1254 1259 1263 1274 1277 1287 1295 1301 1310 1316 1325 1333 1337 1342 1350 1362 1364 1377 1389 1397 1412
1220 1248 1269 1303 1330 1354 1355 1275 1367 1192 1209 1196 1186 1166 1142 1112 1078 1050 1026 1002 984 981 985 988 994 996 1002 1005 1010 1012 1018 1024 1029 1037 1044 1051 1058 1069 1077 1082 1087 1096 1104 1113 1122 1131 1138 1143 1155 1169 1177 1189 1199 1209 1211 1217 1225 1228 1230 1237 1248 1254 1261 1263 1266 1275 1283 1294 1299 1307 1306 1319 1322 1336 1339 1343 1350 1366 1370 1374 1383 1390 1402
1215 1243 1265 1296 1328 1358 1378 1333 1401 1196 1191 1193 1183 1167 1139 1104 1082 1056 1033 1008 992 988 988 989 992 993 1001 1007 1010 1015 1018 1025 1031 1041 1047 1058 1060 1065 1074 1080 1087 1097 1107 1116 1126 1134 1144 1149 1158 1168 1178 1192 1201 1210 1214 1216 1222 1228 1236 1243 1248 1257 1262 1269 1277 1279 1287 1294 1301 1310 1313 1318 1322 1334 1343 1347 1353 1359 1369 1373 1382 1393 1409
1208 1237 1263 1287 1314 1351 1385 1359 1424 1290 1193 1180 1182 1161 1136 1106 1085 1060 1035 1015 1002 998 992 992 990 996 1000 1008 1013 1018 1022 1026 1034 1044 1052 1061 1068 1070 1071 1078 1091 1096 1106 1113 1124 1137 1143 1147 1161 1171 1181 1191 1204 1210 1213 1220 1226 1232 1243 1247 1253 1260 1266 1269 1278 1284 1284 1293 1296 1309 1316 1315 1318 1324 1338 1347 1351 1351 1365 1374 1387 1387 1409
1195 1227 1252 1281 1308 1335 1360 1340 1392 1267 1189 1161 1165 1150 1127 1105 1089 1065 1043 1022 1014 1003 997 996 994 1000 1006 1008 1016 1019 1027 1032 1040 1048 1054 1062 1066 1066 1071 1080 1092 1104 1110 1120 1132 1139 1149 1159 1167 1175 1184 1193 1203 1214 1218 1228 1232 1241 1247 1253 1256 1263 1270 1275 1282 1288 1292 1298 1297 1306 1315 1324 1328 1334 1337 1351 1355 1363 1368 1386 1387 1393 1401
1166 1206 1233 1246 1288 1313 1316 1326 1345 1287 1181 1153 1150 1136 1117 1099 1085 1071 1048 1035 1022 1014 1005 1005 999 1002 1008 1014 1018 1021 1028 1037 1042 1050 1054 1060 1066 1068 1076 1087 1098 1108 1116 1123 1135 1142 1152 1156 1163 1177 1190 1200 1206 1215 1224 1234 1238 1241 1248 1258 1264 1270 1274 1278 1288 1290 1294 1288 1308 1311 1321 1327 1328 1336 1346 1347 1352 1368 1373 1383 1388 1396 1402
1148 1192 1214 1245 1266 1284 1296 1303 1303 1261 1181 1147 1142 1128 1107 1093 1082 1066 1050 1042 1029 1023 1015 1010 1007 1006 1010 1016 1020 1027 1031 1035 1042 1051 1056 1061 1069 1074 1084 1096 1103 1113 1118 1129 1140 1147 1155 1164 1170 1178 1185 1194 1210 1221 1235 1241 1245 1252 1254 1260 1263 1264 1279 1282 1288 1294 1299 1288 1297 1317 1325 1322 1332 1343 1350 1355 1355 1364 1378 1381 1389 1399 1411
1110 1173 1207 1230 1239 1249 1261 1265 1260 1226 1145 1130 1127 1116 1106 1092 1082 1069 1054 1044 1032 1018 1021 1017 1014 1013 1011 1015 1018 1024 1030 1039 1046 1050 1057 1070 1072 1080 1092 1098 1111 1117 1122 1131 1138 1146 1158 1164 1173 1185 1193 1202 1211 1222 1229 1239 1250 1257 1264 1269 1275 1279 1285 1293 1296 1300 1306 1314 1318 1322 1328 1325 1338 1346 1349 1356 1359 1365 1369 1378 1386 1396 1409
1105 1168 1182 1202 1215 1227 1197 1213 1217 1187 1114 1109 1104 1104 1095 1083 1075 1058 1052 1047 1038 1033 1021 1018 1018 1018 1015 1015 1024 1028 1037 1043 1049 1052 1060 1072 1079 1091 1097 1106 1110 1114 1119 1128 1135 1143 1157 1165 1176 1185 1198 1208 1216 1229 1239 1246 1254 1260 1267 1273 1280 1284 1292 1296 1299 1301 1310 1316 1319 1325 1330 1332 1339 1344 1350 1358 1363 1373 1377 1376 1383 1397 1405
1105 1158 1166 1179 1191 1199 1175 1148 1170 1151 1114 1090 1086 1085 1083 1076 1067 1060 1045 1049 1042 1038 1029 1026 1020 1023 1017 1020 1025 1029 1036 1046 1047 1053 1066 1075 1081 1089 1099 1107 1109 1114 1121 1126 1135 1145 1153 1164 1177 1186 1198 1211 1219 1229 1235 1248 1257 1264 1271 1276 1280 1288 1295 1298 1301 1305 1311 1316 1323 1326 1331 1330 1340 1346 1352 1359 1367 1371 1374 1378 1389 1390 1401
1122 1151 1156 1165 1173 1170 1159 1116 1119 1116 1078 1075 1075 1074 1074 1072 1061 1053 1051 1050 1045 1042 1032 1027 1023 1019 1018 1024 1028 1035 1044 1043 1043 1060 1071 1076 1085 1091 1098 1104 1109 1116 1123 1130 1138 1140 1150 1160 1174 1186 1201 1210 1218 1227 1240 1252 1258 1268 1268 1282 1288 1297 1306 1307 1308 1312 1316 1323 1326 1327 1332 1332 1340 1344 1351 1359 1361 1368 1374 1388 1397 1395 1410
1123 1125 1140 1154 1159 1151 1128 1102 1073 1082 1061 1070 1071 1069 1066 1065 1062 1056 1050 1049 1049 1045 1039 1031 1029 1025 1024 1033 1038 1038 1037 1042 1051 1061 1069 1072 1083 1092 1097 1100 1108 1119 1124 1134 1141 1146 1154 1163 1175 1189 1204 1212 1220 1230 1238 1250 1263 1271 1276 1286 1297 1301 1306 1311 1313 1317 1323 1329 1330 1333 1335 1339 1345 1344 1351 1356 1356 1362 1372 1380 1388 1394 1408
1103 1114 1144 1151 1151 1136 1110 1092 1059 1066 1066 1068 1067 1069 1069 1068 1067 1060 1055 1054 1048 1048 1043 1037 1030 1020 1023 1035 1027 1027 1038 1052 1055 1060 1072 1078 1083 1089 1094 1101 1109 1118 1126 1136 1144 1149 1159 1169 1179 1191 1208 1213 1225 1236 1245 1255 1266 1275 1285 1294 1302 1305 1310 1313 1320 1324 1327 1328 1333 1333 1338 1339 1343 1350 1349 1352 1356 1364 1369 1378 1383 1395 1406
1121 1111 1147 1153 1150 1122 1106 1089 1071 1077 1075 1068 1069 1071 1071 1070 1070 1069 1063 1061 1057 1051 1048 1035 1023 1034 1050 1034 1034 1044 1049 1030 1032 1053 1074 1079 1083 1089 1095 1102 1109 1119 1127 1130 1142 1150 1160 1171 1180 1195 1216 1215 1228 1235 1250 1259 1269 1280 1284 1297 1309 1309 1311 1319 1322 1326 1332 1332 1336 1338 1340 1340 1345 1347 1347 1353 1356 1361 1376 1379 1381 1393 1403
1123 1116 1150 1158 1156 1136 1116 1081 1066 1072 1086 1078 1070 1065 1064 1076 1077 1076 1074 1068 1057 1051 1044 1040 1046 1045 1043 1049 1045 1045 1050 1035 1042 1066 1074 1077 1083 1088 1095 1102 1110 1118 1126 1133 1139 1149 1161 1169 1180 1191 1196 1218 1225 1237 1247 1260 1271 1285 1294 1303 1313 1318 1318 1323 1328 1329 1337 1325 1330 1339 1340 1341 1344 1345 1347 1356 1359 1365 1376 1383 1385 1393 1406
1147 1137 1147 1163 1160 1134 1123 1105 1079 1082 1096 1076 1080 1066 1086 1088 1085 1084 1077 1070 1071 1067 1060 1054 1047 1043 1046 1051 1055 1052 1055 1046 1055 1069 1074 1079 1084 1089 1095 1103 1111 1117 1129 1132 1138 1147 1159 1168 1172 1186 1197 1213 1223 1236 1249 1263 1276 1289 1301 1320 1330 1324 1326 1331 1332 1333 1334 1339 1342 1345 1343 1344 1343 1346 1348 1354 1359 1365 1372 1380 1388 1398 1406
1156 1159 1157 1174 1164 1142 1112 1093 1087 1092 1113 1077 1066 1077 1097 1094 1089 1090 1084 1083 1080 1077 1071 1067 1059 1057 1055 1060 1060 1063 1063 1070 1073 1070 1077 1077 1083 1087 1094 1102 1111 1117 1125 1130 1138 1148 1158 1168 1178 1184 1198 1214 1225 1241 1253 1263 1274 1288 1299 1321 1334 1329 1331 1332 1333 1334 1337 1345 1345 1345 1347 1342 1343 1345 1350 1348 1352 1363 1371 1377 1388 1397 1405
1169 1179 1187 1176 1148 1138 1107 1095 1095 1094 1106 1105 1079 1058 1082 1103 1100 1098 1093 1093 1087 1088 1080 1074 1069 1065 1067 1071 1070 1070 1067 1072 1072 1075 1079 1083 1084 1091 1095 1098 1109 1117 1122 1128 1133 1148 1159 1167 1179 1188 1204 1216 1226 1241 1253 1260 1275 1290 1299 1302 1314 1330 1334 1336 1338 1342 1346 1346 1349 1351 1350 1346 1348 1346 1346 1349 1353 1362 1370 1380 1386 1395 1408
1176 1194 1195 1144 1151 1156 1117 1107 1108 1103 1117 1104 1100 1077 1073 1094 1094 1106 1107 1106 1093 1098 1093 1089 1083 1080 1080 1080 1076 1075 1081 1074 1075 1077 1081 1082 1087 1093 1098 1098 1107 1113 1117 1126 1136 1147 1157 1168 1180 1189 1203 1214 1226 1239 1247 1255 1272 1287 1307 1307 1316 1323 1336 1342 1342 1348 1350 1353 1357 1357 1356 1353 1354 1348 1346 1354 1354 1361 1371 1383 1392 1395 1411
1167 1203 1191 1150 1163 1185 1149 1116 1118 1122 1153 1148 1144 1136 1101 1089 1089 1093 1118 1116 1117 1111 1102 1095 1098 1095 1091 1089 1074 1077 1079 1081 1082 1081 1085 1085 1088 1093 1095 1099 1107 1112 1114 1125 1132 1145 1156 1167 1175 1185 1198 1212 1222 1237 1244 1257 1280 1291 1300 1313 1319 1320 1335 1342 1349 1350 1357 1359 1363 1360 1360 1359 1361 1358 1354 1356 1359 1360 1369 1387 1398 1400 1421
1198 1195 1190 1192 1192 1185 1158 1145 1146 1154 1164 1161 1157 1141 1141 1124 1095 1074 1116 1124 1121 1114 1108 1103 1100 1093 1087 1082 1080 1086 1088 1087 1088 1086 1089 1090 1095 1095 1098 1102 1105 1106 1110 1120 1134 1140 1154 1168 1176 1184 1194 1207 1219 1235 1242 1265 1275 1286 1294 1309 1323 1331 1337 1346 1351 1356 1358 1364 1364 1362 1366 1365 1365 1362 1359 1359 1361 1361 1369 1392 1407 1413 1423
1232 1213 1199 1177 1202 1192 1170 1156 1162 1172 1176 1173 1158 1142 1149 1146 1137 1094 1097 1138 1126 1125 1122 1122 1119 1118 1112 1094 1091 1093 1095 1093 1094 1091 1090 1087 1092 1096 1099 1101 1105 1109 1116 1123 1133 1137 1149 1164 1171 1180 1190 1200 1218 1232 1246 1262 1274 1289 1297 1308 1321 1331 1339 1350 1358 1361 1365 1367 1370 1369 1370 1368 1369 1367 1368 1364 1364 1366 1376 1399 1414 1425 1434
1256 1256 1232 1172 1193 1174 1121 1145 1159 1157 1185 1182 1148 1135 1138 1141 1146 1136 1095 1115 1149 1141 1120 1125 1127 1126 1124 1108 1107 1105 1107 1107 1101 1098 1095 1094 1091 1093 1096 1101 1101 1107 1116 1120 1129 1134 1144 1157 1163 1182 1194 1200 1216 1232 1247 1265 1274 1287 1296 1312 1322 1339 1349 1353 1363 1368 1373 1375 1376 1377 1378 1377 1376 1374 1377 1373 1379 1376 1390 1407 1426 1429 1450
1258 1251 1217 1180 1166 1180 1172 1152 1158 1174 1190 1177 1164 1157 1146 1143 1155 1164 1119 1118 1111 1132 1150 1144 1122 1127 1129 1122 1116 1115 1113 1111 1104 1102 1097 1093 1091 1091 1096 1097 1098 1104 1109 1111 1122 1131 1135 1150 1159 1171 1187 1197 1215 1230 1245 1262 1274 1286 1298 1311 1330 1343 1354 1361 1366 1372 1375 1383 1383 1384 1386 1385 1382 1386 1390 1386 1388 1391 1402 1416 1429 1445 1465
1269 1267 1232 1205 1133 1128 1113 1119 1150 1185 1201 1201 1193 1171 1169 1174 1172 1174 1177 1146 1105 1110 1139 1157 1147 1130 1133 1135 1127 1118 1117 1115 1108 1104 1098 1095 1090 1093 1097 1096 1097 1098 1104 1108 1119 1131 1129 1142 1154 1167 1179 1195 1212 1230 1248 1264 1278 1292 1308 1324 1339 1351 1363 1368 1374 1378 1381 1384 1386 1388 1391 1391 1397 1397 1398 1393 1392 1396 1407 1427 1442 1458 1475
1278 1274 1245 1239 1184 1112 1097 1102 1107 1137 1130 1129 1153 1180 1189 1194 1190 1185 1186 1177 1132 1115 1130 1148 1154 1147 1126 1121 1138 1133 1123 1125 1117 1115 1108 1098 1095 1098 1097 1088 1093 1090 1098 1103 1113 1121 1130 1137 1149 1164 1174 1193 1213 1226 1248 1264 1281 1297 1312 1329 1339 1351 1365 1376 1380 1382 1383 1390 1397 1398 1398 1400 1402 1403 1402 1405 1397 1410 1416 1427 1445 1467 1476
