Environmental_rasters/Annual_precipitation_RABV_CA_04.asc
NCOLS 192 
NROWS 168 
XLLCORNER 101 
YLLCORNER 9 
CELLSIZE 0.0416666666666667 
NODATA_value -9999 
[rows 111 to 147 of 168, columns 83 to 165 of 192]
1317 1265 1269 1237 1237 1239 1244 1256 1260 1254 1271 1253 1274 1300 1294 1264 1266 1278 1298 1286 1309 1308 1332 1350 1350 1352 1353 1358 1362 1372 1391 1429 1496 1553 1604 1650 1728 1790 1843 1911 1975 2034 2084 2098 2098 2124 2174 2188 2195 2205 2232 2262 2285 2306 2344 2365 2386 2408 2438 2439 2432 2421 2409 2409 2421 2402 2405 2405 2381 2349 2315 2282 2247 2247 2325 2371 2269 2254 2346 2420 2383 2368 2191
1359 1379 1277 1249 1242 1242 1244 1247 1252 1271 1273 1253 1277 1279 1287 1269 1252 1283 1298 1288 1330 1310 1330 1344 1347 1354 1363 1373 1384 1400 1427 1467 1508 1558 1600 1643 1687 1767 1837 1914 1960 2006 2059 2116 2149 2157 2176 2188 2193 2196 2216 2229 2258 2277 2305 2340 2366 2369 2399 2401 2388 2390 2394 2399 2434 2406 2391 2384 2376 2346 2337 2297 2243 2229 2273 2358 2210 2405 2542 2488 2400 2319 2094
1349 1309 1323 1315 1251 1252 1254 1258 1268 1271 1267 1274 1256 1267 1281 1269 1251 1268 1293 1304 1324 1325 1348 1347 1348 1363 1382 1395 1409 1428 1459 1490 1530 1568 1619 1660 1696 1723 1778 1845 1934 1963 2021 2091 2132 2159 2158 2160 2175 2174 2187 2221 2232 2237 2269 2316 2329 2350 2374 2362 2361 2368 2378 2388 2391 2389 2383 2377 2365 2348 2339 2306 2251 2189 2144 2119 2111 2294 2357 2272 2271 1914 2030
1362 1321 1290 1269 1256 1258 1261 1265 1271 1277 1283 1283 1285 1277 1285 1265 1250 1264 1283 1298 1317 1347 1363 1360 1364 1374 1387 1409 1430 1454 1479 1517 1548 1580 1611 1655 1693 1729 1759 1799 1873 1930 1986 2051 2092 2111 2124 2130 2137 2149 2163 2194 2211 2225 2251 2269 2292 2316 2337 2319 2327 2343 2361 2376 2308 2313 2341 2368 2362 2350 2339 2285 2217 2166 2115 2078 2029 1995 2068 2008 1923 1843 1823
1389 1340 1302 1274 1263 1267 1271 1274 1279 1281 1287 1289 1277 1274 1281 1276 1264 1269 1294 1298 1324 1348 1362 1370 1380 1392 1406 1427 1450 1475 1512 1538 1570 1589 1608 1642 1673 1702 1726 1792 1815 1885 1945 2008 2047 2078 2094 2097 2107 2117 2132 2154 2167 2188 2217 2221 2260 2289 2309 2296 2301 2321 2343 2359 2286 2292 2329 2319 2363 2372 2324 2282 2218 2176 2136 2068 2007 1961 1933 1874 1812 1808 1772
1418 1360 1311 1276 1273 1279 1281 1286 1277 1284 1293 1294 1280 1282 1282 1277 1273 1291 1299 1312 1315 1353 1368 1376 1386 1407 1427 1446 1470 1490 1540 1561 1594 1605 1604 1614 1637 1669 1713 1756 1789 1842 1897 1960 2013 2039 2067 2068 2069 2085 2107 2157 2163 2170 2181 2194 2217 2246 2275 2296 2284 2294 2316 2265 2260 2327 2390 2384 2386 2337 2305 2260 2242 2210 2136 2082 2030 1951 1911 1856 1836 1791 1822
1455 1386 1329 1289 1286 1295 1300 1299 1304 1309 1303 1306 1289 1281 1290 1291 1276 1301 1302 1313 1329 1360 1373 1381 1387 1410 1432 1458 1486 1523 1562 1595 1606 1612 1587 1583 1595 1632 1675 1710 1760 1812 1853 1923 1979 2009 2029 2034 2052 2058 2077 2119 2146 2147 2155 2178 2190 2221 2237 2262 2282 2296 2284 2244 2292 2385 2392 2389 2386 2324 2275 2248 2239 2198 2152 2092 2044 1971 1964 2135 1883 1701 1673
1494 1421 1363 1329 1320 1324 1329 1319 1324 1341 1315 1310 1289 1269 1291 1291 1272 1292 1309 1317 1337 1364 1375 1387 1384 1418 1439 1471 1499 1532 1567 1584 1597 1601 1588 1573 1563 1588 1634 1678 1741 1783 1821 1878 1933 1980 2002 2004 2029 2026 2045 2060 2099 2121 2135 2173 2162 2177 2198 2220 2249 2281 2301 2335 2377 2440 2414 2411 2381 2325 2277 2272 2244 2194 2150 2099 2045 1977 2090 2199 1996 1696 1615
1533 1499 1422 1379 1363 1362 1359 1352 1356 1360 1342 1325 1301 1284 1304 1298 1287 1301 1326 1339 1354 1365 1374 1376 1368 1422 1446 1472 1500 1527 1545 1564 1572 1557 1570 1551 1542 1542 1589 1637 1696 1743 1802 1836 1896 1951 1995 1982 1988 2004 2007 2017 2071 2092 2106 2122 2111 2156 2173 2195 2212 2254 2279 2322 2364 2398 2384 2396 2395 2359 2321 2285 2241 2191 2135 2090 2031 1971 1912 1952 1750 1651 1601
1574 1532 1475 1434 1404 1396 1392 1386 1362 1358 1361 1357 1318 1317 1309 1311 1304 1301 1323 1348 1354 1368 1369 1380 1379 1413 1430 1449 1471 1493 1510 1541 1542 1539 1544 1529 1520 1521 1541 1605 1661 1721 1772 1825 1897 1906 1933 1948 1990 1986 1983 2015 2040 2079 2107 2076 2107 2176 2198 2206 2212 2244 2271 2306 2300 2274 2324 2355 2371 2341 2308 2288 2220 2167 2137 2079 2032 1964 1866 1781 1710 1633 1578
1635 1572 1517 1475 1446 1426 1412 1395 1371 1359 1338 1349 1343 1339 1311 1307 1322 1304 1337 1349 1357 1357 1367 1372 1387 1405 1417 1432 1462 1487 1501 1513 1516 1534 1537 1527 1521 1517 1542 1578 1640 1693 1760 1818 1856 1888 1911 1923 1920 1947 1938 1942 1958 2010 2080 2058 2095 2141 2167 2176 2213 2245 2288 2302 2269 2231 2295 2343 2352 2298 2257 2259 2203 2150 2118 2071 2012 1926 1840 1764 1706 1660 1576
1672 1612 1556 1509 1477 1448 1433 1420 1388 1370 1358 1351 1344 1337 1317 1321 1322 1304 1331 1331 1354 1369 1368 1378 1387 1398 1417 1435 1465 1484 1484 1492 1501 1504 1516 1518 1519 1527 1551 1582 1628 1679 1746 1809 1831 1841 1884 1897 1892 1889 1909 1947 1953 1965 2028 2055 2049 2066 2106 2120 2162 2200 2255 2288 2280 2223 2231 2292 2347 2341 2304 2262 2215 2161 2115 2065 2007 1925 1827 1768 1704 1638 1580
1723 1657 1599 1547 1506 1472 1444 1424 1404 1382 1366 1365 1361 1320 1328 1301 1317 1310 1308 1303 1351 1363 1369 1377 1390 1398 1417 1436 1452 1473 1464 1481 1490 1483 1495 1493 1498 1521 1548 1582 1620 1662 1714 1758 1782 1792 1822 1843 1850 1855 1878 1941 1958 1937 1966 2015 2007 1976 2019 2096 2131 2156 2231 2289 2270 2201 2160 2215 2303 2342 2301 2275 2225 2171 2117 2061 1993 1923 1850 1783 1722 1654 1585
1760 1691 1627 1588 1539 1499 1466 1437 1414 1392 1373 1368 1368 1349 1340 1301 1297 1320 1326 1330 1332 1365 1371 1381 1388 1398 1415 1437 1448 1465 1453 1461 1462 1468 1478 1482 1490 1501 1531 1562 1595 1633 1671 1707 1730 1752 1764 1788 1814 1807 1844 1895 1856 1916 1910 1928 1919 1924 1963 2048 2078 2135 2203 2263 2260 2204 2146 2183 2300 2354 2331 2269 2210 2163 2101 2011 1963 1914 1848 1796 1704 1645 1616
1802 1722 1662 1621 1558 1515 1480 1446 1416 1393 1375 1357 1370 1351 1356 1330 1314 1325 1337 1338 1337 1338 1333 1384 1399 1409 1395 1434 1450 1452 1446 1451 1456 1472 1467 1470 1479 1497 1506 1530 1560 1577 1616 1656 1688 1718 1733 1746 1758 1760 1791 1848 1841 1878 1851 1873 1851 1859 1902 1999 2059 2104 2174 2254 2260 2224 2183 2188 2302 2352 2315 2256 2146 2077 2031 1972 1925 1896 1837 1775 1698 1634 1576
1835 1755 1693 1636 1591 1537 1496 1463 1429 1407 1396 1384 1370 1357 1363 1359 1329 1327 1338 1339 1350 1341 1359 1380 1374 1398 1403 1429 1445 1450 1460 1452 1443 1448 1447 1446 1451 1475 1480 1502 1524 1542 1573 1615 1647 1673 1697 1714 1713 1713 1732 1795 1802 1798 1810 1775 1809 1842 1909 2004 2016 2073 2133 2218 2231 2230 2197 2184 2279 2342 2257 2226 2171 2118 2031 1954 1924 1875 1818 1760 1685 1634 1555
1858 1785 1720 1658 1606 1561 1508 1474 1408 1393 1397 1398 1388 1374 1369 1362 1363 1342 1334 1341 1347 1347 1368 1383 1393 1407 1413 1427 1438 1440 1444 1439 1444 1449 1442 1442 1436 1454 1457 1470 1489 1505 1532 1564 1599 1615 1653 1663 1664 1661 1681 1707 1695 1689 1723 1733 1774 1822 1865 1927 1945 2025 2084 2169 2197 2220 2202 2231 2297 2315 2218 2172 2134 2100 2027 1960 1915 1868 1814 1745 1704 1634 -9999
1880 1803 1735 1678 1628 1588 1537 1492 1451 1426 1425 1420 1399 1386 1385 1372 1368 1362 1354 1353 1349 1355 1359 1369 1398 1409 1422 1427 1430 1427 1428 1429 1426 1436 1443 1431 1424 1432 1440 1445 1463 1483 1503 1524 1545 1568 1604 1617 1635 1633 1641 1642 1645 1641 1665 1672 1709 1740 1771 1826 1877 1967 2045 2089 2151 2190 2166 2215 2227 2249 2183 2140 2097 2045 2006 1951 1896 1854 1797 1729 -9999 -9999 -9999
1887 1813 1752 1697 1653 1611 1564 1523 1506 1494 1448 1436 1428 1412 1396 1392 1383 1373 1358 1362 1360 1361 1366 1371 1386 1410 1423 1418 1428 1436 1431 1419 1423 1429 1431 1423 1409 1410 1418 1425 1432 1454 1474 1491 1510 1528 1564 1578 1586 1578 1580 1587 1595 1594 1605 1610 1632 1660 1687 1728 1779 1873 1974 1979 2073 2113 2090 2137 2172 2190 2133 2101 2045 1989 1961 1923 1873 1846 -9999 -9999 -9999 -9999 -9999
1892 1825 1767 1717 1672 1635 1596 1553 1541 1499 1476 1449 1455 1433 1415 1416 1409 1398 1385 1370 1365 1368 1372 1371 1393 1408 1423 1423 1433 1432 1427 1422 1421 1415 1415 1414 1411 1404 1395 1398 1424 1435 1443 1460 1478 1509 1540 1545 1531 1529 1520 1522 1530 1534 1537 1548 1567 1590 1624 1662 1708 1787 1874 1883 1902 2023 2034 2066 2099 2088 2064 2043 2002 1956 1928 1887 -9999 -9999 -9999 -9999 -9999 -9999 -9999
1896 1838 1782 1727 1683 1645 1613 1584 1556 1531 1503 1482 1520 1485 1440 1441 1430 1416 1401 1391 1379 1363 1373 1379 1385 1400 1426 1437 1442 1439 1429 1427 1421 1415 1402 1401 1398 1395 1389 1378 1383 1397 1409 1433 1447 1467 1507 1505 1490 1480 1473 1473 1473 1487 1478 1492 1505 1532 1556 1598 1630 1687 1748 1823 1813 1928 1947 1979 2000 1998 1991 1927 1886 1865 -9999 -9999 -9999 -9999 -9999 -9999 -9999 -9999 -9999
1903 1852 1796 1750 1711 1676 1648 1618 1583 1565 1549 1571 1555 1501 1465 1464 1450 1430 1417 1407 1394 1373 1374 1380 1395 1410 1430 1451 1460 1445 1434 1424 1415 1412 1407 1395 1386 1377 1371 1358 1352 1360 1356 1385 1413 1436 1443 1448 1445 1437 1420 1417 1416 1421 1412 1429 1450 1474 1502 1530 1562 1615 1624 1686 1746 1803 1864 1888 1910 1911 1901 1878 1854 -9999 -9999 -9999 -9999 -9999 -9999 -9999 -9999 -9999 -9999
1910 1862 1814 1780 1740 1713 1675 1659 1631 1609 1583 1558 1540 1515 1493 1491 1478 1459 1440 1421 1407 1400 1385 1380 1397 1418 1437 1456 1484 1454 1435 1426 1414 1413 1401 1388 1373 1361 1349 1344 1324 1309 1300 1321 1362 1399 1413 1420 1420 1406 1392 1371 1372 1372 1379 1380 1411 1418 1446 1458 1506 -9999 1581 1596 1610 1665 1744 1796 1844 -9999 -9999 -9999 -9999 -9999 -9999 -9999 -9999 -9999 -9999 -9999 -9999 -9999 -9999
1929 1873 1849 1808 1774 1745 1714 1684 1658 1643 1625 1599 1597 1557 1529 1524 1494 1480 1464 1443 1428 1410 1396 1404 1408 1427 1448 1458 1458 1446 1438 1430 1417 1405 1391 1381 1368 1364 1356 1349 1330 1307 1294 1296 1348 1387 1394 1395 1394 1379 1354 1331 1321 1334 1352 1357 1366 1374 1382 1400 1440 -9999 1477 1586 1638 1655 1681 1650 -9999 -9999 -9999 -9999 -9999 -9999 -9999 -9999 -9999 -9999 -9999 -9999 -9999 -9999 -9999
1936 1901 1868 1845 1811 1781 1755 1727 1709 1686 1664 1639 1626 1596 1563 1555 1522 1499 1482 1460 1446 1422 1408 1429 1429 1439 1443 1453 1454 1446 1439 1430 1420 1411 1404 1393 1386 1378 1360 1341 1326 1308 1296 1308 1363 1422 1413 1388 1387 1356 1335 1306 1287 1312 1315 1322 -9999 -9999 -9999 -9999 -9999 -9999 1463 1545 -9999 -9999 -9999 -9999 -9999 -9999 -9999 -9999 -9999 -9999 -9999 -9999 -9999 -9999 -9999 -9999 -9999 -9999 -9999
-9999 1924 1907 1874 1850 1826 1802 1773 1747 1713 1696 1681 1661 1639 1613 1597 1565 1539 1516 1497 1475 1453 1436 1443 1450 1449 1457 1457 1451 1448 1453 1447 1420 1411 1408 1389 1374 1368 1354 1339 1330 1317 1316 1332 1362 1396 1395 1375 1364 1342 1320 1296 1278 1284 1296 1298 -9999 -9999 -9999 -9999 -9999 -9999 1404 1441 -9999 -9999 -9999 -9999 -9999 -9999 -9999 -9999 -9999 -9999 -9999 -9999 -9999 -9999 -9999 -9999 -9999 -9999 -9999
-9999 1945 1925 1912 1895 1868 1842 1818 1787 1759 1739 1723 1704 1679 1660 1636 1609 1582 1556 1541 1515 1489 1480 1475 1471 1476 1469 1464 1456 1450 1448 1455 1429 1415 1414 1404 1392 1374 1358 1348 1340 1339 1345 1361 1386 1415 1413 1384 1369 1340 1317 1300 1287 1292 1287 1293 -9999 -9999 -9999 -9999 -9999 -9999 -9999 -9999 -9999 -9999 -9999 -9999 -9999 -9999 -9999 -9999 -9999 -9999 -9999 -9999 -9999 -9999 -9999 -9999 -9999 -9999 -9999
-9999 -9999 -9999 1961 1932 1897 1855 1835 1823 1807 1778 1760 1738 1723 1706 1686 1654 1619 1597 1579 1561 1533 1520 1505 1495 1496 1486 1475 1467 1464 1449 1440 1428 1420 1409 1416 1425 1391 1381 1372 1362 1357 1365 1380 1398 1439 1436 1402 1379 1357 1335 1316 1290 1292 1295 1274 -9999 -9999 -9999 -9999 -9999 -9999 -9999 -9999 -9999 -9999 -9999 -9999 -9999 -9999 -9999 -9999 -9999 -9999 -9999 -9999 -9999 -9999 -9999 -9999 -9999 -9999 -9999
-9999 2154 -9999 1992 1970 1927 -9999 -9999 1838 1841 1826 1809 1794 1772 1752 1731 1704 1672 1645 1620 1599 1577 1556 1538 1530 1517 1502 1488 1484 1474 1461 1445 1430 1422 1413 1416 1403 1396 1388 1381 1381 1384 1392 1404 1413 1415 1418 1402 1383 1364 1356 1343 1322 1319 1295 1295 -9999 -9999 -9999 -9999 -9999 -9999 -9999 -9999 -9999 -9999 -9999 -9999 -9999 -9999 -9999 -9999 -9999 -9999 -9999 -9999 -9999 -9999 -9999 -9999 -9999 -9999 -9999
2172 2124 2073 2009 1984 -9999 -9999 -9999 -9999 1866 1862 1851 1838 1822 1804 1780 1752 1717 1691 1664 1638 1610 1588 1569 1551 1534 1520 1507 1497 1488 1471 1455 1442 1436 1424 1423 1405 1400 1394 1395 1400 1397 1406 1418 1429 1426 1420 1410 1395 1379 1360 1344 1325 1321 1307 1304 -9999 -9999 -9999 -9999 -9999 -9999 -9999 -9999 -9999 -9999 -9999 -9999 -9999 -9999 -9999 -9999 -9999 -9999 -9999 -9999 -9999 -9999 -9999 -9999 -9999 -9999 -9999
-9999 2152 -9999 -9999 -9999 -9999 -9999 -9999 -9999 1885 1890 1886 1867 1865 1854 1830 1800 1763 1734 1705 1661 1648 1625 1603 1575 1557 1544 1535 1520 1511 1496 1473 1455 1445 1437 1422 1417 1413 1412 1413 1418 1423 1422 1435 1445 1440 1431 1421 1408 1390 1370 1354 1342 1321 1311 1285 -9999 -9999 -9999 -9999 -9999 -9999 -9999 -9999 -9999 -9999 -9999 -9999 -9999 -9999 -9999 -9999 -9999 -9999 -9999 -9999 -9999 -9999 -9999 -9999 -9999 -9999 -9999
-9999 -9999 -9999 -9999 -9999 -9999 -9999 -9999 -9999 -9999 -9999 -9999 -9999 1884 1894 1878 1843 1809 1777 1745 1715 1687 1661 1635 1612 1588 1571 1555 1532 1519 1519 1519 1487 1463 1449 1438 1433 1433 1427 1429 1435 1443 1444 1447 1451 1458 1452 1438 1416 1404 1390 1378 1365 1321 1304 1310 -9999 -9999 -9999 -9999 -9999 -9999 -9999 -9999 -9999 -9999 -9999 -9999 -9999 -9999 -9999 -9999 -9999 -9999 -9999 -9999 -9999 -9999 -9999 -9999 -9999 -9999 -9999
-9999 2188 2178 -9999 -9999 -9999 -9999 -9999 -9999 -9999 -9999 -9999 -9999 -9999 1945 1944 1887 1849 1812 1779 1751 1719 1687 1665 1640 1619 1596 1572 1558 1540 1538 1562 1506 1478 1464 1454 1450 1443 1439 1440 1448 1456 1466 1475 1473 1468 1463 1457 1433 1415 1409 1401 1386 1361 -9999 -9999 -9999 -9999 -9999 -9999 -9999 -9999 -9999 -9999 -9999 -9999 -9999 -9999 -9999 -9999 -9999 -9999 -9999 -9999 -9999 -9999 -9999 -9999 -9999 -9999 -9999 -9999 -9999
-9999 -9999 -9999 -9999 -9999 -9999 -9999 -9999 2045 2038 -9999 -9999 -9999 -9999 -9999 1993 1932 1890 1849 1813 1778 1746 1707 1692 1673 1650 1625 1601 1589 1566 1553 1533 1516 1492 1483 1478 1463 1456 1453 1454 1463 1473 1484 1492 1498 1500 1476 1470 1458 1436 1414 1408 1393 -9999 -9999 -9999 -9999 -9999 -9999 -9999 -9999 -9999 -9999 -9999 -9999 -9999 -9999 -9999 -9999 -9999 -9999 -9999 -9999 -9999 -9999 -9999 -9999 -9999 -9999 -9999 -9999 -9999 -9999
-9999 -9999 -9999 -9999 -9999 -9999 -9999 -9999 -9999 2047 -9999 -9999 -9999 2018 2005 2005 1970 1919 1881 1847 1811 1778 1755 1729 1701 1676 1652 1623 1607 1589 1575 1548 1531 1511 1497 1484 1478 1472 1467 1467 1472 1481 1498 1514 1539 1548 1500 1481 1465 1457 1433 1416 1411 -9999 -9999 -9999 -9999 -9999 -9999 -9999 -9999 -9999 -9999 -9999 -9999 -9999 -9999 -9999 -9999 -9999 -9999 -9999 -9999 -9999 -9999 -9999 -9999 -9999 -9999 -9999 -9999 -9999 -9999
-9999 -9999 -9999 -9999 -9999 -9999 -9999 -9999 -9999 -9999 -9999 -9999 2051 2042 2030 2012 1993 1954 1915 1877 1844 1812 1782 1758 1728 1709 1676 1653 1634 1611 1592 1575 1555 1538 1519 1502 1491 1485 1478 1477 1481 1492 1506 1523 1548 1538 1519 1496 1473 1457 1445 1435 1424 1399 -9999 -9999 -9999 -9999 -9999 -9999 -9999 -9999 -9999 -9999 -9999 -9999 -9999 -9999 -9999 -9999 -9999 -9999 -9999 -9999 -9999 -9999 -9999 -9999 -9999 -9999 -9999 -9999 -9999
-9999 -9999 -9999 -9999 -9999 -9999 -9999 -9999 -9999 -9999 2093 2093 2082 2068 2054 2032 2006 1975 1941 1902 1869 1837 1809 1781 1760 1737 1706 1685 1660 1635 1616 1597 1581 1561 1545 1528 1505 1490 1487 1482 1487 1499 1514 1524 1534 1535 1523 1516 1499 1472 1451 1452 1443 1413 -9999 -9999 -9999 -9999 -9999 -9999 -9999 -9999 -9999 -9999 -9999 -9999 -9999 -9999 -9999 -9999 -9999 -9999 -9999 -9999 -9999 -9999 -9999 -9999 -9999 -9999 -9999 -9999 -9999
