Environmental_rasters/Annual_precipitation_RABV_CA_04.asc
NCOLS 192 
NROWS 168 
XLLCORNER 101 
YLLCORNER 9 
CELLSIZE 0.0416666666666667 
NODATA_value -9999 
[rows 74 to 110 of 168, columns 0 to 82 of 192]
1295 1299 1310 1305 1296 1310 1323 1339 1371 1417 1444 1491 1546 1596 1653 1710 1757 1793 1833 1906 1949 2002 2038 2069 2110 2151 2116 1940 1903 2036 2118 2116 2104 2095 2059 2057 2042 2008 1975 1933 1880 1840 1787 1752 1706 1665 1630 1591 1543 1497 1451 1395 1342 1293 1250 1207 1169 1141 1132 1129 1129 1137 1143 1151 1164 1179 1187 1185 1193 -9999 -9999 -9999 -9999 -9999 -9999 -9999 1223 1232 1248 1255 1262 1260 1260
1298 1309 1322 1324 1331 1340 1347 1378 1409 1436 1473 1522 1575 1635 1690 1746 1798 1855 1900 1961 1996 2060 2105 2146 2142 2223 2236 1971 2066 2242 2202 2135 2153 2144 2053 2028 2053 2057 2047 2008 1969 1921 1865 1820 1772 1730 1684 1639 1587 1527 1474 1415 1360 1306 1254 1203 1160 1131 1122 1125 1135 1136 1151 1163 1177 1189 1205 1209 1210 1217 -9999 -9999 -9999 -9999 -9999 -9999 -9999 1243 1252 1246 1262 1274 1276
1303 1314 1313 1338 1354 1370 1380 1411 1436 1479 1508 1554 1610 1669 1728 1795 1842 1900 1960 2015 2065 2112 2175 2221 2247 2299 2335 2275 2281 2356 2333 2194 2129 2138 2129 1993 2025 1973 1996 2051 2030 1992 1938 1874 1827 1784 1708 1667 1621 1567 1508 1446 1387 1326 1265 1205 1158 1121 1108 1120 1140 1153 1173 1190 1192 1207 1220 1228 1240 1239 1241 -9999 -9999 -9999 -9999 -9999 -9999 1248 1256 1258 1271 1280 1280
1305 1310 1327 1350 1373 1381 1406 1445 1473 1506 1546 1596 1649 1708 1770 1841 1886 1952 2009 2075 2129 2177 2241 2289 2314 2379 2408 2432 2453 2458 2439 2338 2281 2164 2187 2089 2040 1968 1979 2028 2069 2052 2007 1949 1884 1837 1769 1708 1660 1605 1549 1480 1427 1363 1300 1229 1169 1120 1123 1138 1159 1185 1202 1223 1238 1236 1246 1256 1262 1277 1277 1276 1268 1267 1275 -9999 -9999 1265 1277 1278 1280 1289 1299
1307 1334 1357 1383 1398 1413 1433 1472 1507 1546 1585 1639 1684 1749 1808 1863 1901 1978 2041 2106 2180 2245 2308 2363 2342 2454 2494 2532 2549 2561 2538 2440 2437 2353 2378 2254 2092 2080 2036 2105 2096 2085 2067 2013 1959 1911 1838 1774 1711 1660 1595 1525 1465 1402 1340 1270 1213 1174 1167 1184 1201 1214 1232 1248 1268 1280 1291 1309 1313 1316 1317 1308 1301 1298 1294 -9999 -9999 -9999 -9999 -9999 -9999 -9999 -9999
1313 1325 1356 1385 1411 1444 1485 1516 1543 1577 1620 1677 1729 1786 1842 1898 1918 1970 2053 2148 2219 2297 2374 2440 2460 2534 2597 2630 2650 2650 2628 2573 2560 2536 2520 2441 2228 2262 2181 2175 2186 2160 2108 2069 2033 1982 1911 1837 1776 1712 1646 1581 1512 1449 1391 1328 1281 1245 1234 1238 1248 1259 1267 1283 1299 1312 1327 1342 1342 1346 1348 1345 1330 1315 1305 -9999 -9999 -9999 -9999 -9999 -9999 -9999 -9999
1291 -9999 -9999 1386 -9999 -9999 1463 1532 1565 1613 1655 1709 1761 1796 1856 1898 -9999 -9999 -9999 -9999 2268 2349 2437 2509 2581 2641 2706 2738 2720 2744 2720 2702 2683 2633 2606 2590 2442 2361 2296 2298 2284 2250 2197 2132 2103 2048 1976 1902 1838 1775 1708 1641 1570 1510 1450 1398 1355 1319 1304 1299 1297 1305 1312 1325 1338 1352 1363 1370 1374 1371 1368 1365 1359 1355 1337 1319 -9999 -9999 -9999 -9999 -9999 -9999 -9999
-9999 -9999 -9999 -9999 -9999 -9999 -9999 -9999 1580 1628 1662 -9999 -9999 -9999 -9999 -9999 2087 -9999 -9999 -9999 2304 2386 2473 2554 2645 2719 2822 2851 2678 2656 2843 2826 2797 2766 2701 2695 2641 2601 2478 2292 2299 2336 2284 2226 2176 2100 2028 1967 1900 1834 1768 1707 1646 1599 1520 1473 1431 1394 1366 1361 1356 1356 1357 1368 1376 1386 1402 1403 1399 1395 1388 1379 1378 1381 1380 1351 1336 -9999 -9999 -9999 -9999 -9999 -9999
-9999 -9999 -9999 -9999 -9999 -9999 -9999 -9999 -9999 -9999 1697 1708 -9999 -9999 -9999 -9999 -9999 -9999 -9999 -9999 -9999 2429 2494 2566 2664 2763 2849 2910 2471 2523 2912 2920 2898 2865 2829 2791 2751 2685 2598 2481 2400 2406 2346 2293 2245 2176 2105 2034 1975 1919 1873 1817 1752 1708 1617 1541 1499 1458 1424 1417 1412 1408 1410 1417 1409 1426 1433 1442 1437 1425 1410 1398 1388 1391 1395 1401 1387 1355 1348 -9999 -9999 -9999 -9999
-9999 -9999 -9999 -9999 -9999 -9999 -9999 -9999 -9999 -9999 1728 -9999 -9999 -9999 -9999 -9999 -9999 -9999 -9999 -9999 -9999 -9999 2539 2640 2701 2780 2877 2971 2756 2688 3014 3006 2989 2960 2925 2883 2841 2788 2726 2627 2508 2432 2414 2367 2326 2204 2092 2016 2010 1989 1928 1867 1814 1733 1674 1621 1575 1532 1499 1483 1481 1467 1459 1466 1462 1463 1468 1470 1460 1445 1433 1419 1408 1396 1398 1414 1423 1423 1407 1404 1377 -9999 -9999
-9999 -9999 -9999 -9999 -9999 -9999 -9999 -9999 -9999 -9999 -9999 -9999 -9999 -9999 -9999 -9999 -9999 -9999 -9999 -9999 -9999 -9999 -9999 -9999 2779 2828 2906 3007 3005 3055 3096 3090 3071 3049 3015 2974 2937 2883 2830 2755 2677 2579 2442 2450 2341 2163 2069 2065 2051 2049 2004 1947 1880 1818 1768 1709 1661 1642 1603 1548 1534 1517 1504 1505 1506 1501 1500 1492 1469 1456 1442 1428 1412 1384 1378 1395 1404 1409 1413 1432 1426 1426 1453
-9999 -9999 -9999 -9999 -9999 -9999 -9999 -9999 -9999 -9999 -9999 -9999 -9999 -9999 -9999 -9999 -9999 -9999 -9999 -9999 -9999 -9999 -9999 -9999 -9999 -9999 2966 3030 3064 3125 3138 3153 3156 3130 3104 3064 3018 2958 2915 2859 2792 2694 2541 2505 2336 2199 2183 2142 2085 2074 2059 2029 1962 1903 1842 1789 1749 1726 1656 1613 1595 1575 1552 1545 1542 1537 1524 1508 1485 1457 1443 1425 1413 1367 1358 1378 1390 1391 1395 1409 1442 1451 1490
-9999 -9999 -9999 -9999 -9999 -9999 -9999 -9999 -9999 -9999 -9999 -9999 -9999 -9999 -9999 -9999 -9999 -9999 -9999 -9999 -9999 -9999 -9999 -9999 -9999 -9999 2980 3021 3066 3133 3156 3176 3229 3209 3182 3148 3102 3058 3012 2954 2858 2710 2351 2453 2368 2304 2246 2162 2079 2152 2150 2119 2047 1988 1939 1883 1833 1782 1719 1685 1668 1635 1608 1582 1573 1567 1550 1522 1476 1469 1455 1430 1398 1371 1368 1363 1361 1365 1379 1401 1426 1460 1498
-9999 -9999 -9999 -9999 -9999 -9999 -9999 -9999 -9999 -9999 -9999 -9999 -9999 -9999 -9999 -9999 -9999 -9999 -9999 -9999 -9999 -9999 -9999 -9999 -9999 -9999 -9999 -9999 3089 3124 3186 3227 3266 3267 3253 3223 3187 3148 3108 3061 2940 2587 2419 2362 2393 2392 2375 2365 2235 2216 2263 2210 2141 2081 2024 1960 1900 1843 1799 1755 1711 1670 1644 1618 1600 1602 1585 1536 1499 1486 1454 1424 1404 1385 1376 1363 1365 1369 1388 1414 1439 1472 1506
-9999 -9999 -9999 -9999 -9999 -9999 -9999 -9999 -9999 -9999 -9999 -9999 -9999 -9999 -9999 -9999 -9999 -9999 -9999 -9999 -9999 -9999 -9999 -9999 -9999 -9999 -9999 -9999 -9999 3166 3200 3248 3311 3324 3313 3294 3260 3241 3199 3159 3112 2731 2583 2479 2363 2421 2439 2501 2451 2409 2369 2291 2229 2168 2098 2023 1967 1919 1869 1820 1774 1735 1703 1676 1652 1630 1595 1558 1514 1486 1451 1424 1395 1367 1346 1343 1354 1374 1395 1423 1455 1485 1510
-9999 -9999 -9999 -9999 -9999 -9999 -9999 -9999 -9999 -9999 -9999 -9999 -9999 -9999 -9999 -9999 -9999 -9999 -9999 -9999 -9999 -9999 -9999 -9999 -9999 -9999 -9999 -9999 -9999 3240 3269 3299 3329 3346 3364 3361 3342 3319 3285 3254 3195 2777 2735 2522 2392 2618 2672 2631 2569 2515 2446 2379 2317 2208 2162 2100 2043 1992 1936 1883 1830 1783 1742 1702 1679 1645 1599 1584 1544 1505 1481 1485 1412 1366 1348 1324 1347 1375 1388 1420 1446 1471 1507
-9999 -9999 -9999 -9999 -9999 -9999 -9999 -9999 -9999 -9999 -9999 -9999 -9999 -9999 -9999 -9999 -9999 -9999 -9999 -9999 -9999 -9999 -9999 -9999 -9999 -9999 -9999 -9999 -9999 -9999 3312 3336 3363 3379 3404 3418 3422 3380 3354 3337 3256 2977 2890 2642 2375 2497 2686 2703 2643 2593 2528 2463 2326 2226 2187 2135 2095 2047 2015 1964 1897 1844 1792 1752 1710 1667 1635 1596 1560 1527 1491 1468 1414 1375 1355 1347 1351 1366 1390 1412 1435 1460 1494
-9999 -9999 -9999 -9999 -9999 -9999 -9999 -9999 -9999 -9999 -9999 -9999 -9999 -9999 -9999 -9999 -9999 -9999 -9999 -9999 -9999 -9999 -9999 -9999 -9999 -9999 -9999 -9999 -9999 -9999 3303 3339 3383 3412 3436 3460 3463 3435 3365 3381 3314 3144 3015 2615 2513 2284 2521 2667 2451 2592 2627 2429 2339 2302 2249 2191 2135 2094 2069 2021 1966 1907 1855 1799 1750 1701 1660 1624 1585 1542 1507 1465 1477 1426 1393 1371 1378 1361 1378 1403 1427 1445 1471
-9999 -9999 -9999 -9999 -9999 -9999 -9999 -9999 -9999 -9999 -9999 -9999 -9999 -9999 -9999 -9999 -9999 -9999 -9999 -9999 -9999 -9999 -9999 -9999 -9999 -9999 -9999 -9999 -9999 3310 3332 3305 -9999 -9999 -9999 3465 3500 3507 -9999 3466 3413 3250 3143 2976 2851 2380 2335 2285 2213 2355 2592 2481 2426 2355 2276 2215 2158 2127 2070 2050 2012 1965 1919 1857 1797 1744 1694 1653 1611 1562 1524 1558 1611 1457 1402 1395 1496 1426 1382 1394 1413 1424 1449
-9999 -9999 -9999 -9999 -9999 -9999 -9999 -9999 -9999 -9999 -9999 -9999 -9999 -9999 -9999 -9999 -9999 -9999 -9999 -9999 -9999 -9999 -9999 -9999 -9999 -9999 -9999 -9999 -9999 -9999 3284 3176 3381 -9999 -9999 -9999 3534 3558 -9999 3515 3527 3336 3198 3281 2923 2384 2425 2443 2364 2429 2509 2524 2496 2415 2333 2260 2197 2140 2103 2064 2040 2013 1961 1904 1847 1786 1745 1684 1659 1602 1551 1554 1605 1472 1457 1530 1570 1616 1577 1410 1402 1425 1428
-9999 -9999 -9999 -9999 -9999 -9999 -9999 -9999 -9999 -9999 -9999 -9999 -9999 -9999 -9999 -9999 -9999 -9999 -9999 -9999 -9999 -9999 -9999 -9999 -9999 -9999 -9999 -9999 -9999 -9999 3368 3303 3308 3512 -9999 -9999 -9999 3615 3650 -9999 -9999 3509 3345 3156 2683 2510 2563 2585 2582 2543 2624 2568 2548 2477 2401 2304 2233 2180 2139 2096 2064 2036 2004 1951 1901 1834 1786 1726 1682 1628 1574 1538 1563 1598 1587 1750 1763 1668 1495 1404 1410 1418 1425
-9999 -9999 -9999 -9999 -9999 -9999 -9999 -9999 -9999 -9999 -9999 -9999 -9999 -9999 -9999 -9999 -9999 -9999 -9999 -9999 -9999 -9999 -9999 -9999 -9999 -9999 -9999 -9999 -9999 -9999 -9999 3341 3340 3513 3583 -9999 -9999 -9999 -9999 -9999 -9999 -9999 3620 3367 3136 2666 2674 2760 2805 2695 2701 2664 2594 2519 2459 2347 2281 2239 2161 2141 2087 2062 2041 2012 1965 1889 1845 1776 1729 1693 1628 1563 1562 1585 1579 1733 1878 1830 1621 1449 1404 1398 1404
-9999 -9999 -9999 -9999 -9999 -9999 -9999 -9999 -9999 -9999 -9999 -9999 -9999 -9999 -9999 -9999 -9999 -9999 -9999 -9999 -9999 -9999 -9999 -9999 -9999 -9999 -9999 -9999 -9999 -9999 -9999 3418 3467 3525 3544 -9999 -9999 -9999 -9999 -9999 -9999 -9999 3784 3583 3343 2975 2769 2760 3022 2916 2868 2806 2718 2608 2511 2453 2394 2363 2248 2161 2127 2096 2069 2049 2022 1975 1919 1845 1767 1752 1671 1610 1561 1558 1497 1507 1743 1665 1597 1398 1390 1397 1393
-9999 -9999 -9999 -9999 -9999 -9999 -9999 -9999 -9999 -9999 -9999 -9999 -9999 -9999 -9999 -9999 -9999 -9999 -9999 -9999 -9999 -9999 -9999 -9999 -9999 -9999 -9999 -9999 -9999 -9999 -9999 -9999 3538 3615 -9999 3684 -9999 -9999 -9999 -9999 -9999 -9999 4001 3837 3635 3333 2992 2994 3122 3064 2996 2930 2826 2753 2656 2475 2345 2291 2249 2217 2170 2127 2100 2071 2049 2029 1993 1929 1831 1809 1725 1685 1588 1632 1529 1518 1589 1494 1424 1391 1393 1384 1373
-9999 -9999 -9999 -9999 -9999 -9999 -9999 -9999 -9999 -9999 -9999 -9999 -9999 -9999 -9999 -9999 -9999 -9999 -9999 -9999 -9999 -9999 -9999 -9999 -9999 -9999 -9999 -9999 -9999 -9999 -9999 -9999 3533 3609 -9999 -9999 -9999 -9999 -9999 -9999 -9999 -9999 4070 4003 3887 3546 3119 3190 3276 3148 3158 3020 2895 2726 2606 2482 2414 2320 2290 2283 2204 2179 2134 2098 2072 2028 2004 1984 1907 1870 1757 1676 1612 1677 1568 1501 1477 1453 1415 1391 1388 1365 1351
-9999 -9999 -9999 -9999 -9999 -9999 -9999 -9999 -9999 -9999 -9999 -9999 -9999 -9999 -9999 -9999 -9999 -9999 -9999 -9999 -9999 -9999 -9999 -9999 -9999 -9999 -9999 -9999 -9999 -9999 -9999 -9999 -9999 -9999 -9999 3786 3856 -9999 -9999 -9999 -9999 -9999 -9999 4155 4072 3772 3115 3194 3458 3172 3237 3052 2932 2782 2694 2555 2480 2360 2377 2303 2256 2232 2166 2150 2087 2045 2033 2023 1998 1900 1751 1681 1631 1605 1550 1515 1487 1454 1437 1406 1384 1363 1360
-9999 -9999 -9999 -9999 -9999 -9999 -9999 -9999 -9999 -9999 -9999 -9999 -9999 -9999 -9999 -9999 -9999 -9999 -9999 -9999 -9999 -9999 -9999 -9999 -9999 -9999 -9999 -9999 -9999 -9999 -9999 -9999 -9999 3599 3700 3763 3808 -9999 -9999 -9999 -9999 -9999 -9999 -9999 4168 4046 3387 3297 3480 3306 3341 3131 2986 2893 2710 2628 2510 2464 2489 2356 2338 2261 2237 2191 2117 2066 2042 2007 1974 1871 1762 1703 1656 1616 1580 1537 1492 1460 1443 1410 1383 1362 1339
-9999 -9999 -9999 -9999 -9999 -9999 -9999 -9999 -9999 -9999 -9999 -9999 -9999 -9999 -9999 -9999 -9999 -9999 -9999 -9999 -9999 -9999 -9999 -9999 -9999 -9999 -9999 -9999 -9999 -9999 -9999 -9999 -9999 3607 -9999 -9999 -9999 3848 -9999 -9999 -9999 -9999 -9999 -9999 4515 4296 4159 3551 3476 3652 3461 3224 3129 2939 2821 2701 2645 2626 2527 2481 2379 2313 2321 2250 2149 2087 2057 1993 1926 1844 1786 1731 1677 1636 1602 1547 1508 1471 1441 1411 1377 1359 1340
-9999 -9999 -9999 -9999 -9999 -9999 -9999 -9999 -9999 -9999 -9999 -9999 -9999 -9999 -9999 -9999 -9999 -9999 -9999 -9999 -9999 -9999 -9999 -9999 -9999 -9999 -9999 -9999 -9999 -9999 -9999 -9999 -9999 -9999 -9999 -9999 3841 3822 -9999 -9999 -9999 -9999 -9999 -9999 -9999 4167 4203 4041 3873 3672 3540 3309 3091 3011 2849 2837 2751 2606 2579 2524 2414 2330 2373 2283 2162 2123 2083 2014 1952 1884 1812 1758 1700 1662 1614 1564 1515 1489 1454 1399 1376 1362 1337
-9999 -9999 -9999 -9999 -9999 -9999 -9999 -9999 -9999 -9999 -9999 -9999 -9999 -9999 -9999 -9999 -9999 -9999 -9999 -9999 -9999 -9999 -9999 -9999 -9999 -9999 -9999 -9999 -9999 -9999 -9999 -9999 -9999 -9999 -9999 -9999 3836 3825 3831 -9999 -9999 -9999 -9999 -9999 -9999 4152 4232 4151 3802 3555 3375 3337 3143 3024 2903 2970 2732 2686 2652 2529 2451 2418 2419 2334 2220 2154 2108 2047 1976 1912 1853 1780 1715 1669 1627 1594 1540 1489 1441 1406 1379 1360 1337
-9999 -9999 -9999 -9999 -9999 -9999 -9999 -9999 -9999 -9999 -9999 -9999 -9999 -9999 -9999 -9999 -9999 -9999 -9999 -9999 -9999 -9999 -9999 -9999 -9999 -9999 -9999 -9999 -9999 -9999 -9999 -9999 -9999 -9999 -9999 -9999 3842 3805 3810 -9999 -9999 -9999 -9999 -9999 -9999 4155 4205 4136 3934 3642 3485 3412 3241 3217 3132 2947 2872 2786 2674 2643 2584 2526 2426 2346 2250 2183 2131 2069 2000 1930 1864 1799 1757 1691 1659 1603 1555 1502 1458 1411 1380 1359 1331
-9999 -9999 -9999 -9999 -9999 -9999 -9999 -9999 -9999 -9999 -9999 -9999 -9999 -9999 -9999 -9999 -9999 -9999 -9999 -9999 -9999 -9999 -9999 -9999 -9999 -9999 -9999 -9999 -9999 -9999 -9999 -9999 -9999 -9999 -9999 -9999 3798 3793 3827 -9999 -9999 -9999 -9999 -9999 -9999 -9999 4143 4106 4027 3818 3645 3546 3415 3204 3110 3020 2921 2835 2755 2726 2641 2547 2445 2345 2267 2219 2169 2101 2021 1950 1888 1823 1765 1715 1659 1618 1566 1512 1463 1419 1387 1352 1325
-9999 -9999 -9999 -9999 -9999 -9999 -9999 -9999 -9999 -9999 -9999 -9999 -9999 -9999 -9999 -9999 -9999 -9999 -9999 -9999 -9999 -9999 -9999 -9999 -9999 -9999 -9999 -9999 -9999 -9999 -9999 -9999 -9999 -9999 -9999 -9999 -9999 3761 3709 -9999 -9999 -9999 -9999 -9999 -9999 -9999 4047 4003 3956 3835 3666 3586 3395 3290 3240 3107 2988 2916 2853 2748 2645 2539 2443 2388 2340 2274 2206 2134 2047 1986 1926 1863 1806 1773 1688 1622 1573 1524 1473 1421 1382 1352 1317
-9999 -9999 -9999 -9999 -9999 -9999 -9999 -9999 -9999 -9999 -9999 -9999 -9999 -9999 -9999 -9999 -9999 -9999 -9999 -9999 -9999 -9999 -9999 -9999 -9999 -9999 -9999 -9999 -9999 -9999 -9999 -9999 -9999 -9999 -9999 -9999 -9999 -9999 -9999 -9999 -9999 -9999 -9999 -9999 -9999 -9999 -9999 3926 3870 3817 3673 3613 3489 3371 3287 3181 3044 2994 2882 2749 2663 2578 2499 2458 2404 2335 2258 2172 2092 2050 1998 1920 1897 1806 1717 1654 1594 1541 1483 1436 1393 1357 1319
-9999 -9999 -9999 -9999 -9999 -9999 -9999 -9999 -9999 -9999 -9999 -9999 -9999 -9999 -9999 -9999 -9999 -9999 -9999 -9999 -9999 -9999 -9999 -9999 -9999 -9999 -9999 -9999 -9999 -9999 -9999 -9999 -9999 -9999 -9999 -9999 -9999 -9999 -9999 -9999 -9999 -9999 -9999 -9999 -9999 -9999 -9999 3871 3822 3769 3690 3595 3506 3409 3320 3220 3103 2998 2890 2788 2735 2630 2535 2499 2445 2373 2290 2200 2128 2072 2019 1944 1915 1879 1765 1691 1626 1558 1508 1455 1404 1357 1309
-9999 -9999 -9999 -9999 -9999 -9999 -9999 -9999 -9999 -9999 -9999 -9999 -9999 -9999 -9999 -9999 -9999 -9999 -9999 -9999 -9999 -9999 -9999 -9999 -9999 -9999 -9999 -9999 -9999 -9999 -9999 -9999 -9999 -9999 -9999 -9999 -9999 -9999 -9999 -9999 -9999 -9999 -9999 -9999 -9999 -9999 -9999 -9999 3778 3722 3656 3594 3513 3415 3334 3228 3116 3033 2927 2835 2769 2676 2599 2520 2474 2401 2319 2227 2166 2105 2049 1973 1915 1871 1796 1720 1656 1583 1524 1466 1412 1360 1306
-9999 -9999 -9999 -9999 -9999 -9999 -9999 -9999 -9999 -9999 -9999 -9999 -9999 -9999 -9999 -9999 -9999 -9999 -9999 -9999 -9999 -9999 -9999 -9999 -9999 -9999 -9999 -9999 -9999 -9999 -9999 -9999 -9999 -9999 -9999 -9999 -9999 -9999 -9999 -9999 -9999 -9999 -9999 -9999 -9999 -9999 -9999 3726 3638 -9999 3612 3536 3497 3414 3326 3217 3136 3056 2965 2868 2808 2722 2643 2548 2501 2434 2338 2258 2202 2141 2072 1994 1965 1888 1807 1738 1667 1599 1541 1485 1429 1378 1326
