Land_cover_forests_RABV_CA_04,Land_cover_savannas_RABV_CA_04,Land_cover_grasslands_RABV_CA_04,Land_cover_croplands_RABV_CA_04,Land_cover_water_RABV_CA_04,Human_pop_density_RABV_CA_04,Elevation_RABV_CA_04,Annual_mean_temperature_RABV_CA_04,Annual_precipitation_RABV_CA_04
0,0,0,25,0,56.2552795410156,109.040000915527,27.3673334121704,1339
0,0,0,25,0,183.126831054688,13.3599996566772,27.7618333498637,1436
0,0,0,16,9,477.89013671875,9,27.5404999256134,1353
0,0,0,21,4,214.688125610352,3.48000001907349,27.6689999103546,1301
25,0,0,0,0,2.1243040561676,89.120002746582,26.8521665732066,2404
0,0,0,25,0,356.120086669922,5.32000017166138,27.6246666113536,1304
0,0,0,25,0,320.317749023438,7.71999979019165,27.8074998855591,1304
0,0,0,25,0,111.665115356445,2.20000004768372,27.686500231425,1357
0,0,0,25,0,236.131240844727,5.48000001907349,27.7261667251587,1285
0,0,0,21,0,719.697631835938,8,27.5400000413259,1304
0,0,0,15,9,139.36979675293,4.55999994277954,27.5549998283386,1299
0,0,0,15,9,139.36979675293,4.55999994277954,27.5549998283386,1299
3,0,0,21,0,244.272308349609,5.67999982833862,27.6693331400553,1277
0,0,0,17,8,108.080154418945,2.44000005722046,27.6084999243418,1349
0,0,0,19,6,190.049499511719,4,27.6191665331523,1338
0,0,0,25,0,174.599487304688,5.80000019073486,27.6180000305176,1416
0,0,0,25,0,196.967803955078,5.23999977111816,27.8726666768392,1368
0,0,0,25,0,92.375602722168,2.96000003814697,27.5661663214366,1420
0,0,0,25,0,219.829162597656,15.6800003051758,27.2578331629435,1788
0,0,0,21,0,313.587677001953,9,27.609833240509,1319
0,0,0,18,0,467.456268310547,9,27.6423330307007,1259
0,25,0,0,0,4.03234338760376,111.480003356934,26.8626666069031,1454
0,0,0,25,0,115.716323852539,3.51999998092651,27.466833114624,1635
0,25,0,0,0,4.03234338760376,111.480003356934,26.8626666069031,1454
0,25,0,0,0,14.6251792907715,106.160003662109,26.8005000750224,1452
0,25,0,0,0,90.2726364135742,99.9199981689453,26.8890003363291,1481
0,0,0,17,3,2187.93774414062,9.35999965667725,27.7443331877391,1269
2,0,0,16,0,180.651229858398,9.84000015258789,27.5198333263397,1305
0,0,0,25,0,94.9928207397461,8.23999977111816,27.8198334376017,1364
1,2,0,21,1,95.1606826782227,8.52000045776367,27.4896663824717,1314
0,0,0,2,23,75.1744689941406,5.40000009536743,27.3226667245229,1421
0,0,17,8,0,43.6217384338379,10.5200004577637,27.8173332214355,1661
0,0,7,18,0,42.6325798034668,10.6000003814697,27.9096667766571,1660
0,0,0,19,6,102.491394042969,9.80000019073486,27.4385000864665,1548
0,0,6,17,1,34.3765411376953,9.27999973297119,27.6641668478648,1640
0,0,0,0,8,85.9917297363281,7.51999998092651,27.459499835968,1559
0,0,0,25,0,236.005661010742,19.6000003814697,28.0598332881927,1256
0,0,0,25,0,159.146881103516,149.759994506836,26.7833330631256,1398
0,0,0,25,0,236.005661010742,19.6000003814697,28.0598332881927,1256
0,0,0,25,0,716.002380371094,15.2399997711182,28.159999926885,1284
0,0,0,25,0,402.793518066406,16.5200004577637,28.0608332951864,1251
0,0,0,25,0,403.077453613281,31.3600006103516,28.0293332735697,1252
0,0,0,25,0,480.171691894531,18.5200004577637,28.0924998919169,1256
0,0,0,25,0,301.713836669922,34.9599990844727,28.091500043869,1230
0,0,0,25,0,500.016326904297,29.2800006866455,28.1113332907359,1227
0,0,0,25,0,253.091720581055,78.2799987792969,27.8323334058126,1237
0,0,0,25,0,253.091720581055,78.2799987792969,27.8323334058126,1237
0,0,0,25,0,301.713836669922,34.9599990844727,28.091500043869,1230
0,0,0,25,0,385.291748046875,15.9200000762939,28.1379998524984,1280
0,0,0,25,0,420.439483642578,24.7999992370605,28.1930001576742,1252
0,0,0,25,0,147.270324707031,64.4400024414062,27.9211663405101,1238
0,0,0,25,0,253.091720581055,78.2799987792969,27.8323334058126,1237
0,0,0,25,0,253.091720581055,78.2799987792969,27.8323334058126,1237
0,0,0,25,0,148.016159057617,70.4800033569336,27.7986667156219,1249
0,0,0,25,0,109.247589111328,208.679992675781,26.7341666221619,1323
0,0,0,25,0,57.5172691345215,284.440002441406,26.3349997997284,1379
0,0,0,25,0,213.084655761719,25,27.7860001722972,1434
0,0,0,25,0,705.735900878906,25.2800006866455,28.1665000120799,1250
0,0,0,25,0,500.016326904297,29.2800006866455,28.1113332907359,1227
0,0,0,25,0,2890.34741210938,11.8000001907349,28.1573332945506,1308
11,0,0,14,0,21.7461700439453,39.4799995422363,26.961333433787,1629
0,0,0,25,0,269.004608154297,59.9199981689453,27.5789999167124,1290
0,0,0,25,0,332.869689941406,31.2800006866455,28.0778334140778,1221
0,0,0,25,0,86.1301422119141,118.400001525879,27.2539998690287,1277
0,0,0,25,0,239.361572265625,28.9599990844727,28.1010002295176,1243
0,0,0,25,0,147.270324707031,64.4400024414062,27.9211663405101,1238
0,0,0,25,0,239.361572265625,28.9599990844727,28.1010002295176,1243
0,0,0,25,0,133.981018066406,49.8800010681152,27.8406665325165,1360
0,0,0,25,0,160.595230102539,102.120002746582,27.4676666259766,1399
0,0,0,25,0,95.6921463012695,72.9199981689453,27.4655000368754,1499
0,0,0,25,0,147.44889831543,106.959999084473,27.0793331464132,1790
0,0,0,25,0,149.814453125,83.5599975585938,27.5334998766581,1440
0,0,0,25,0,160.595230102539,102.120002746582,27.4676666259766,1399
0,0,0,25,0,31.7898693084717,64,27.4900000890096,1436
0,0,0,25,0,40.3648300170898,80.3199996948242,27.4314998785655,1385
0,0,0,25,0,63.9393196105957,77.2799987792969,27.5151665210724,1407
3,13,0,9,0,24.2395896911621,195.559997558594,26.5361665884654,1760
0,0,0,25,0,81.991943359375,74.9199981689453,27.4618334770203,1572
0,0,0,25,0,84.6802520751953,81.2399978637695,27.6424999237061,1360
0,0,0,25,0,208.831726074219,41.2799987792969,27.5918333530426,1421
0,0,0,25,0,44.5027847290039,78.5999984741211,27.3056668440501,1564
0,0,0,25,0,114.926422119141,6.19999980926514,27.6088336308797,1463
0,0,0,25,0,306.363983154297,64.0400009155273,27.7456665833791,1378
0,0,0,25,0,160.595230102539,102.120002746582,27.4676666259766,1399
0,0,0,25,0,66.316780090332,89.2799987792969,27.4224998950958,1511
3,1,0,21,0,87.9738998413086,103.76000213623,26.9169998168945,1726
0,0,0,25,0,112.02513885498,107.400001525879,27.3366668224335,1484
0,0,0,25,0,47.7570571899414,201.199996948242,26.8121666113536,1359
0,0,0,25,0,340.361267089844,42.9199981689453,27.5316664377848,1672
0,0,0,25,0,86.1971130371094,51.2000007629395,27.7668333848317,1412
0,0,0,25,0,663.413452148438,18.3999996185303,28.1379998524984,1264
0,0,5,3,0,18355.58984375,13,28.3340002695719,1384
0,0,0,25,0,74.8809204101562,96.3199996948242,27.3936667442322,1383
25,0,0,0,0,1.44416439533234,535.880004882812,24.6070000330607,1530
0,0,0,25,0,50.210205078125,56.7599983215332,27.7888332207998,1355
25,0,0,0,0,3.35819125175476,587.239990234375,24.4316664536794,1809
0,0,4,21,0,42.7808494567871,28.1200008392334,28.0433332920074,1578
25,0,0,0,0,6.05962324142456,227.639999389648,26.2733334700267,1611
1,24,0,0,0,3.44718766212463,155.320007324219,26.6505000591278,1703
19,6,0,0,0,9.51677799224854,145.320007324219,26.6761666933695,1624
17,6,0,2,0,15.0022974014282,92.7600021362305,26.9058332443237,1635
25,0,0,0,0,0.433865785598755,1120.35998535156,21.5643332004547,1998
25,0,0,0,0,4.32273721694946,156.440002441406,26.5303334395091,1701
0,0,0,25,0,139.490676879883,17.2000007629395,28.1384998957316,1403
0,0,0,25,0,93.5631484985352,13.8800001144409,28.0839996337891,1363
0,10,4,11,0,53.1820297241211,71.0400009155273,27.3208334445953,1346
25,0,0,0,0,3.31623816490173,511.480010986328,24.8730000654856,1752
0,25,0,0,0,2.82315039634705,112.559997558594,26.8109997908274,1948
25,0,0,0,0,2.36017727851868,232.639999389648,26.177166779836,1750
25,0,0,0,0,6.08972454071045,109.319999694824,26.7686665852865,1660
10,12,0,3,0,14.7460803985596,82.4000015258789,27.0073331197103,1542
9,3,0,10,0,34.8280715942383,9.80000019073486,27.5456666946411,1246
21,0,0,0,0,14.3833827972412,6.40000009536743,27.2951668103536,1187
25,0,0,0,0,16.8439121246338,7.44000005722046,27.2963331540426,1210
25,0,0,0,0,19.1361083984375,7.07999992370605,27.3065001964569,1209
25,0,0,0,0,0.147493988275528,837.679992675781,23.1148334344228,2345
25,0,0,0,0,0.241853922605515,429.200012207031,25.1821667353312,3011
25,0,0,0,0,0.107233569025993,198.160003662109,26.2764999866486,2882
25,0,0,0,0,0.506512224674225,354.279998779297,25.5423334439596,3129
25,0,0,0,0,0.269812047481537,802.200012207031,23.1171667575836,2239
25,0,0,0,0,16.8439121246338,7.44000005722046,27.2963331540426,1210
25,0,0,0,0,19.1361083984375,7.07999992370605,27.3065001964569,1209
16,0,0,0,9,20.8315105438232,5.84000015258789,27.2661666075389,1185
25,0,0,0,0,13.3456411361694,6.51999998092651,27.1860003471375,1155
23,2,0,0,0,19.7113285064697,8.52000045776367,27.3468336264292,1228
25,0,0,0,0,6.52648401260376,7.84000015258789,27.3056665261586,1138
0,0,0,25,0,135.471527099609,12.3199996948242,27.8229997158051,1120
25,0,0,0,0,16.2825298309326,6.80000019073486,27.1456668376923,1154
19,6,0,0,0,16.7079124450684,257.799987792969,26.045666774114,1529
25,0,0,0,0,13.0029754638672,354.559997558594,25.2589999834696,1507
9,0,0,0,5,28.8947486877441,6.80000019073486,27.2569998900096,1260
2,6,0,17,0,23.2461395263672,52.3199996948242,27.2983333269755,1558
23,2,0,0,0,9.45708084106445,124.319999694824,26.7584997018178,1562
25,0,0,0,0,4.65392160415649,224.960006713867,26.2616667747498,1653
9,16,0,0,0,13.2051477432251,92.120002746582,26.9266668160756,1585
24,1,0,0,0,4.6154842376709,209.639999389648,26.4801666736603,1491
4,19,0,2,0,10.6750774383545,51.1599998474121,27.2545000712077,1454
5,20,0,0,0,7.11742830276489,83.8000030517578,27.0529998143514,1486
5,12,0,8,0,17.0815811157227,72.4000015258789,27.1271667480469,1544
11,9,0,5,0,8.14771747589111,87.879997253418,27.0123333930969,1527
23,2,0,0,0,4.42427110671997,323.839996337891,25.745666662852,1676
0,11,0,14,0,17.7135238647461,48.5200004577637,27.2970000108083,1486
3,0,0,22,0,47.936466217041,52.4000015258789,27.7921667893728,1485
3,0,0,22,0,47.936466217041,52.4000015258789,27.7921667893728,1485
0,0,0,25,0,162.903884887695,12.3199996948242,27.9623332818349,1283
0,0,0,25,0,163.463897705078,14.4799995422363,28.0718334515889,1338
0,0,0,25,0,91.5315933227539,10.6400003433228,27.907333612442,1248
0,0,0,25,0,80.1150512695312,12.5600004196167,28.0266666412354,1342
25,0,0,0,0,7.81042194366455,7.3600001335144,27.2610000769297,1149
25,0,0,0,0,7.81042194366455,7.3600001335144,27.2610000769297,1149
22,2,0,0,0,6.62250757217407,7.59999990463257,27.2955001195272,1146
0,0,0,25,0,222.673355102539,16.6800003051758,28.1010000705719,1402
0,0,0,25,0,222.673355102539,16.6800003051758,28.1010000705719,1402
0,0,0,25,0,118.68724822998,21.3199996948242,28.1053334077199,1460
0,1,0,24,0,68.3272933959961,14.039999961853,28.0803337097168,1312
0,0,0,25,0,275.186706542969,14.3999996185303,28.0855000813802,1352
25,0,0,0,0,0.460824608802795,1021.35998535156,22.1413333415985,2022
25,0,0,0,0,0.668717801570892,349.320007324219,25.5186666647593,1889
25,0,0,0,0,0.50385856628418,601.559997558594,24.3096664746602,1965
25,0,0,0,0,0.50385856628418,601.559997558594,24.3096664746602,1965
25,0,0,0,0,1.47505986690521,390.320007324219,25.3738334178925,1919
25,0,0,0,0,0.994492769241333,351.399993896484,25.4900000095367,1961
25,0,0,0,0,0.0492111630737782,893.719970703125,22.5961665709813,2028
25,0,0,0,0,0.606771171092987,625.080017089844,24.1486666202545,2004
25,0,0,0,0,0.606771171092987,625.080017089844,24.1486666202545,2004
25,0,0,0,0,0.994492769241333,351.399993896484,25.4900000095367,1961
25,0,0,0,0,0.606771171092987,1074.0400390625,21.8366666634878,2041
25,0,0,0,0,0.589286208152771,827.799987792969,23.0215000311534,2256
25,0,0,0,0,0.224729478359222,1125.43994140625,21.4491667747498,2062
25,0,0,0,0,1.36392068862915,912.919982910156,22.7741666634878,1974
25,0,0,0,0,6.12899398803711,328.399993896484,25.6728332837423,1767
0,4,1,20,0,36.1385269165039,105.879997253418,27.4156665802002,1414
25,0,0,0,0,1.15725898742676,878.799987792969,22.6546666622162,2179
25,0,0,0,0,0.606771171092987,625.080017089844,24.1486666202545,2004
25,0,0,0,0,0.0660999566316605,762,23.3156668345133,2087
25,0,0,0,0,0.378280192613602,1124.16003417969,21.5028335253398,2049
25,0,0,0,0,3.31623816490173,511.480010986328,24.8730000654856,1752
25,0,0,0,0,0.600782096385956,1039.47998046875,22.0586665868759,2040
25,0,0,0,0,0.600782096385956,1039.47998046875,22.0586665868759,2040
25,0,0,0,0,2.19848537445068,181.720001220703,26.3560000260671,1799
25,0,0,0,0,1.47505986690521,351.399993896484,25.4900000095367,1961
0,6,0,19,0,38.4084396362305,82.1600036621094,27.1594999631246,1600
25,0,0,0,0,0.313700705766678,926.440002441406,22.3904999494553,2134
25,0,0,0,0,0.0492799058556557,1008.35998535156,22.0811666647593,2004
25,0,0,0,0,0.0492799058556557,1008.35998535156,22.0811666647593,2004
25,0,0,0,0,0.668717801570892,349.320007324219,25.5186666647593,1889
25,0,0,0,0,0.437894374132156,739.960021972656,23.6053333282471,1975
25,0,0,0,0,0.50385856628418,601.559997558594,24.3096664746602,1965
25,0,0,0,0,0.203208953142166,686.599975585938,23.6050001780192,2150
25,0,0,0,0,0.082747146487236,777.760009765625,23.3099999427795,2066
25,0,0,0,0,0.589286208152771,827.799987792969,23.0215000311534,2256
25,0,0,0,0,0.055212989449501,1096,21.6466667254766,2033
25,0,0,0,0,0.313700705766678,926.440002441406,22.3904999494553,2134
25,0,0,0,0,0.779058456420898,569.440002441406,24.4815000693003,1965
25,0,0,0,0,0.668717801570892,349.320007324219,25.5186666647593,1889
25,0,0,0,0,1.22103703022003,574.440002441406,24.4376664956411,1919
25,0,0,0,0,0.460824608802795,1021.35998535156,22.1413333415985,2022
0,5,0,20,0,82.3934097290039,51.5999984741211,27.3356664975484,1458
25,0,0,0,0,5.20105123519897,391.799987792969,25.4894998073578,1693
0,25,0,0,0,6.03076505661011,122.559997558594,27.0584999720256,1677
0,8,0,17,0,39.0257453918457,201.960006713867,26.6633331775665,1489
0,25,0,0,0,4.12659931182861,128.080001831055,26.8961665630341,1656
25,0,0,0,0,5.20105123519897,391.799987792969,25.4894998073578,1693
14,11,0,0,0,5.58331251144409,159.240005493164,26.5059998830159,1563
22,3,0,0,0,4.78388023376465,171.880004882812,26.4643334547679,1538
25,0,0,0,0,3.30948114395142,342.799987792969,25.6201669375102,1562
19,6,0,0,0,16.7079124450684,257.799987792969,26.045666774114,1529
25,0,0,0,0,3.39438819885254,601.359985351562,24.4721666177114,1605
0,0,0,25,0,42.8050117492676,73.0800018310547,27.8753334681193,1393
0,0,0,25,0,59.2503547668457,59.5999984741211,27.9313328266144,1437
0,0,0,25,0,70.4144973754883,60.3199996948242,27.8133333524068,1309
0,0,2,23,0,63.7392654418945,11.3599996566772,27.9516666730245,1605
0,7,18,0,0,36.7474060058594,21.3999996185303,27.4046664237976,1476
0,0,1,23,0,173.476608276367,10.8800001144409,27.8224999109904,1643
0,0,0,25,0,287.855163574219,26.5200004577637,27.8931663831075,1677
0,2,0,18,0,425.171020507812,28.9200000762939,27.6604998111725,1717
17,4,0,0,0,69.6987152099609,10.1599998474121,27.3041668732961,1561
16,1,0,0,0,15.4578227996826,9.5600004196167,27.3193335533142,1390
0,0,9,16,0,48.5239181518555,10.7600002288818,27.6401666005452,1466
0,24,0,1,0,22.58056640625,70.879997253418,27.1061667601268,1572
0,21,0,4,0,28.3388195037842,113.400001525879,26.8011666138967,1558
0,24,0,1,0,26.4830856323242,90.5999984741211,26.9753334522247,1584
0,2,12,11,0,125.184730529785,22.0400009155273,27.4696665604909,1621
0,24,0,1,0,22.58056640625,70.879997253418,27.1061667601268,1572
25,0,0,0,0,7.52985429763794,94,26.543333530426,1556
25,0,0,0,0,0.966368019580841,134.240005493164,26.2340000470479,1675
25,0,0,0,0,1.24013066291809,133.080001831055,26.2411665121714,1675
25,0,0,0,0,2.39904999732971,108.480003356934,26.376499970754,1763
0,25,0,0,0,3.65428423881531,97.9199981689453,27.1136666138967,1949
0,25,0,0,0,14.371114730835,86.6399993896484,26.6443336804708,1748
25,0,0,0,0,2.7454936504364,113.360000610352,26.3350001176198,1659
0,25,0,0,0,46.3463439941406,88.3199996948242,26.9630003770192,1581
25,0,0,0,0,1.60164570808411,133.039993286133,26.2815000216166,1664
3,22,0,0,0,5.02746963500977,82.0400009155273,26.7264999548594,1654
7,18,0,0,0,16.337646484375,143.240005493164,26.4591666062673,1694
11,14,0,0,0,3.54058194160461,84.8000030517578,26.6018334229787,1646
0,0,0,25,0,127.021423339844,2.96000003814697,27.8186666965485,1471
0,23,2,0,0,40.128963470459,71.5199966430664,27.0758334000905,1566
0,0,0,2,11,110.611679077148,8.03999996185303,27.4811667601268,1506
1,0,0,5,5,67.5188064575195,8.27999973297119,27.4026665687561,1512
21,4,0,0,0,0.996969044208527,197.360000610352,26.0584998130798,2090
0,17,0,8,0,51.1720237731934,60.4799995422363,27.2368331750234,1619
0,13,0,12,0,116.835472106934,51.0400009155273,27.3349998792013,1610
11,14,0,0,0,9.3372049331665,80.4400024414062,26.6881664594014,1523
2,23,0,0,0,12.3471336364746,109.040000915527,26.7730002403259,1524
0,25,0,0,0,1.9706506729126,75,26.9983332157135,1420
0,21,0,4,0,53.1831741333008,78.4000015258789,27.0416668256124,1592
17,8,0,0,0,7.67933940887451,64.4000015258789,26.7798334757487,1632
0,24,0,1,0,21.4330654144287,120.279998779297,26.7324997584025,1699
0,25,0,0,0,4.86834669113159,61.9199981689453,26.9769999186198,1726
0,25,0,0,0,72.1129379272461,48.560001373291,27.1863334973653,1627
0,25,0,0,0,75.8811492919922,47.560001373291,27.2128332455953,1640
0,23,0,2,0,16.9827690124512,54.8800010681152,27.2173330783844,1628
0,17,0,8,0,32.4607391357422,66.0800018310547,27.0989999771118,1600
0,10,0,15,0,19.7617111206055,64.8000030517578,27.0753335952759,1694
0,18,0,7,0,181.005020141602,78.6399993896484,27.1606667836507,1671
0,17,0,8,0,29.4972743988037,105.23999786377,26.9969998995463,1668
0,25,0,0,0,8.06277942657471,59.8800010681152,27.1378333568573,1683
0,7,0,18,0,62.7547721862793,143.279998779297,26.7294999758403,1674
0,18,0,7,0,181.005020141602,78.6399993896484,27.1606667836507,1671
0,1,0,24,0,87.2291946411133,40.1199989318848,27.4848334789276,1567
0,25,0,0,0,18.1070499420166,63.2799987792969,27.1461666425069,1635
25,0,0,0,0,1.87321448326111,127.959999084473,26.4061667919159,1723
0,25,0,0,0,13.2599573135376,63.8800010681152,27.120666662852,1688
0,25,0,0,0,12.9550724029541,55.2400016784668,27.2105000813802,1677
25,0,0,0,0,24.6046733856201,75.2399978637695,26.5456663767497,1731
0,25,0,0,0,12.2795343399048,54.4799995422363,27.2416667938232,1664
0,22,0,3,0,31.0512657165527,56.4799995422363,27.2276667753855,1681
0,20,0,5,0,29.1725807189941,111.519996643066,26.8961668014526,1653
0,25,0,0,0,28.7227611541748,68.120002746582,27.0778331756592,1634
25,0,0,0,0,11.4378337860107,425.640014648438,25.1074999968211,1652
0,25,0,0,0,23.8234024047852,71.9599990844727,27.0315000216166,1690
0,20,0,5,0,29.1725807189941,111.519996643066,26.8961668014526,1653
0,24,0,1,0,22.58056640625,70.879997253418,27.1061667601268,1572
0,21,4,0,0,19.1711673736572,123.440002441406,26.8966666062673,1572
0,25,0,0,0,46.3463439941406,88.3199996948242,26.9630003770192,1581
0,17,0,8,0,32.4607391357422,66.0800018310547,27.0989999771118,1600
3,22,0,0,0,7.66164350509644,112.559997558594,26.7203334967295,1813
25,0,0,0,0,0.491609066724777,139.600006103516,26.2313333352407,1839
10,15,0,0,0,8.14404964447021,112.680000305176,26.5448335806529,1811
6,19,0,0,0,4.90584564208984,101.919998168945,26.7333333492279,1833
0,25,0,0,0,15.1775932312012,53.560001373291,27.1648333072662,1672
0,0,0,25,0,157.829940795898,14.8000001907349,27.7403330802917,1300
0,25,0,0,0,62.7825241088867,97.1600036621094,26.9548333485921,1518
9,16,0,0,0,58.8207740783691,146.960006713867,26.6749997933706,1520
14,11,0,0,0,6.06349658966064,99.8399963378906,26.7648332913717,1566
0,22,3,0,0,48.7873573303223,81.4800033569336,27.0608333746592,1627
0,24,0,1,0,238.288208007812,92.3600006103516,26.962166706721,1516
0,25,0,0,0,10.1527729034424,57.2799987792969,27.0473334789276,1630
0,22,0,3,0,31.0512657165527,56.4799995422363,27.2276667753855,1681
0,25,0,0,0,10.4660091400146,63.2000007629395,27.1125000317891,1608
25,0,0,0,0,11.0165195465088,89.4000015258789,26.5764997800191,1502
0,0,3,22,0,252.943115234375,19.3999996185303,27.8128333091736,1373
15,0,0,10,0,17.5286808013916,49.1599998474121,26.8233331839244,1629
0,25,0,0,0,18.9443283081055,53.8400001525879,27.1798330148061,1643
0,25,0,0,0,35.9021873474121,46.7200012207031,27.1379999319712,1620
0,20,0,5,0,26.8975963592529,84.120002746582,26.9390002886454,1684
0,25,0,0,0,3.32136750221252,94.0400009155273,26.8825000127157,1721
0,25,0,0,0,16.7246208190918,82.5999984741211,27.0033334096273,1586
9,16,0,0,0,23.106388092041,150.279998779297,26.470999956131,1606
0,0,9,16,0,48.5239181518555,10.7600002288818,27.6401666005452,1466
0,0,0,25,0,154.497650146484,13.960000038147,27.9523332913717,1378
0,5,0,20,0,158.12760925293,14.039999961853,27.4390002886454,1453
0,25,0,0,0,298.257568359375,62.6399993896484,27.1325000127157,1429
25,0,0,0,0,18.4581031799316,87.120002746582,26.7155001958211,1380
0,7,2,16,0,32.5112991333008,10.1999998092651,27.6706665356954,1277
24,1,0,0,0,16.7629814147949,90.4800033569336,26.8136666615804,1357
2,11,2,5,0,29.6735553741455,10.039999961853,27.8293333053589,1382
0,0,0,25,0,136.682418823242,12.3999996185303,27.8695000807444,1314
0,0,0,25,0,166.967971801758,14.0799999237061,28.0504997571309,1335
0,2,6,13,0,72.7394027709961,11.6400003433228,27.8825000921885,1398
0,0,1,23,0,91.6932907104492,12.3199996948242,28.0088331699371,1359
0,14,10,1,0,33.1217803955078,20.7600002288818,27.4234996636709,1337
0,0,0,2,23,75.1744689941406,5.40000009536743,27.3226667245229,1421
0,8,0,17,0,35.5925636291504,18.2399997711182,27.4529997507731,1319
10,15,0,0,0,25.6095771789551,65.7200012207031,26.9138333002726,1423
10,15,0,0,0,25.6095771789551,65.7200012207031,26.9138333002726,1423
0,2,23,0,0,19.5751323699951,31.6399993896484,27.3388334115346,1371
0,25,0,0,0,1.9706506729126,75,26.9983332157135,1420
0,17,3,5,0,19.5751323699951,47.2799987792969,27.0438330173492,1367
18,7,0,0,0,7.83380270004272,97.879997253418,26.6708331902822,1476
0,5,0,20,0,31.8554515838623,57.2000007629395,27.1333333651225,1387
13,12,0,0,0,29.1733837127686,78.3600006103516,26.8188331921895,1414
25,0,0,0,0,7.97341918945312,101.080001831055,26.6696663697561,1399
0,5,0,20,0,72.3730545043945,16.9599990844727,27.5078332424164,1308
0,3,3,19,0,118.330001831055,14.1199998855591,27.5339997609456,1306
0,23,2,0,0,40.128963470459,71.5199966430664,27.0758334000905,1566
0,25,0,0,0,4.28886413574219,53.9199981689453,27.2923334439596,1864
0,25,0,0,0,10.5021486282349,71.8000030517578,26.921666542689,1502
19,6,0,0,0,197.096206665039,90.5199966430664,26.7076666355133,1431
0,25,0,0,0,6.59086751937866,65,27.1148331165314,1457
2,23,0,0,0,11.9971075057983,60.2400016784668,26.9228332042694,1462
0,25,0,0,0,26.5999336242676,87.3600006103516,27.0056668122609,1553
13,2,0,0,4,11.8563776016235,9.31999969482422,27.2731668154399,1361
3,0,0,22,0,295.579864501953,83.5199966430664,27.2918333212535,1788
22,0,0,3,0,13.9659986495972,88.1600036621094,26.5166666507721,1779
11,1,0,6,3,54.923755645752,14.3199996948242,27.0486663977305,1800
0,0,0,25,0,453.628692626953,49.0400009155273,27.0151666800181,1968
0,0,0,25,0,453.628692626953,49.0400009155273,27.0151666800181,1968
0,0,0,25,0,272.590240478516,44.4799995422363,27.0188333193461,2008
7,14,0,4,0,20.5362720489502,91.120002746582,26.6378332773844,1908
0,19,0,6,0,58.4808044433594,134.800003051758,26.4126665592194,1987
0,18,0,7,0,24.3425922393799,55.5999984741211,26.8843335310618,1897
0,0,0,25,0,221.497650146484,38.4799995422363,27.0973335901896,1985
1,13,0,11,0,148.554534912109,21.0400009155273,27.0106666882833,1914
0,0,0,25,0,233.074768066406,58.0400009155273,26.9310003121694,2038
0,7,0,18,0,124.695350646973,93.6399993896484,26.9011667569478,2115
0,5,0,20,0,79.6958084106445,22.3600006103516,27.199666817983,2127
0,0,0,25,0,162.985763549805,66.5199966430664,27.2116665840149,2146
0,0,0,25,0,377.434448242188,27.1200008392334,27.4508332411448,2145
0,0,0,25,0,93.6763610839844,5.6399998664856,27.8244998455048,1537
0,0,0,25,0,241.387664794922,3.35999989509583,27.8668331305186,1584
0,0,0,25,0,1039.39050292969,10.1199998855591,27.4321664969126,1837
0,0,0,25,0,124.732940673828,16.7600002288818,27.3464997609456,1857
0,0,0,25,0,122.90071105957,9.11999988555908,27.7721666495005,1495
0,0,0,25,0,36.5864791870117,47.3199996948242,27.071000178655,1780
0,0,5,20,0,78.4394378662109,5.03999996185303,27.6623333295186,1655
10,9,0,6,0,53.296085357666,58.4000015258789,26.6379999319712,1946
0,0,0,25,0,300.551116943359,41.7999992370605,27.0660000642141,1952
0,0,0,25,0,205.347213745117,47.2799987792969,27.4833335081736,2030
0,0,0,25,0,250.602462768555,18.7600002288818,27.7143332163493,1874
0,0,0,25,0,377.434448242188,27.1200008392334,27.4508332411448,2145
0,0,0,25,0,171.780548095703,45.7999992370605,27.2689997355143,2111
0,2,4,19,0,234.172714233398,19,27.5285000006358,2042
0,0,0,25,0,377.434448242188,27.1200008392334,27.4508332411448,2145
0,0,0,25,0,163.483352661133,30.7600002288818,27.5140000184377,2130
0,0,0,20,2,92.7730331420898,12.3599996566772,27.2909998099009,1559
0,0,0,25,0,186.69450378418,12.8800001144409,27.9204998811086,1518
0,0,0,25,0,205.844512939453,12.3999996185303,27.9404998620351,1488
0,0,0,25,0,146.051483154297,7.80000019073486,27.779833316803,1374
0,0,0,25,0,146.051483154297,7.80000019073486,27.779833316803,1374
0,0,0,25,0,216.349594116211,8.15999984741211,27.8841666380564,1403
0,0,0,25,0,126.80899810791,8.80000019073486,27.7903335094452,1387
0,0,0,25,0,186.511825561523,9,27.9508333206177,1348
0,0,0,25,0,155.034423828125,27.5200004577637,27.3623335361481,1741
0,0,0,20,2,252.654937744141,12.3599996566772,27.2909998099009,1559
0,0,0,24,0,130.54948425293,83.4800033569336,26.982666571935,1805
0,0,0,25,0,136.641952514648,9.39999961853027,27.9663331508636,1482
0,0,0,22,3,264.384796142578,11.1199998855591,27.4651664892832,1532
0,0,0,25,0,150.271286010742,51.8800010681152,26.9488333066305,1996
1,13,0,11,0,148.554534912109,21.0400009155273,27.0106666882833,1914
0,0,0,25,0,143.900848388672,52.2000007629395,27.2909998893738,2194
0,4,0,10,6,179.328903198242,13.4399995803833,27.0544996261597,1739
25,0,0,0,0,0.292796730995178,646.280029296875,24.0238332748413,2475
0,4,0,10,6,179.328903198242,13.4399995803833,27.0544996261597,1739
25,0,0,0,0,9.67534923553467,75.5599975585938,26.5630000432332,1710
25,0,0,0,0,6.63934946060181,108.76000213623,26.3388334115346,1689
0,0,0,25,0,875.018920898438,2.72000002861023,27.4851667086283,1362
0,0,4,21,0,126.105117797852,16.4799995422363,27.4544997215271,1849
3,22,0,0,0,2.94685459136963,104.800003051758,26.4746666749318,1742
0,5,2,18,0,60.5166969299316,127.519996643066,26.8240000406901,1831
0,4,2,19,0,104.841720581055,76.4400024414062,27.2345000902812,1807
2,0,0,23,0,47.0684089660645,78.3199996948242,27.420999844869,1778
0,0,0,25,0,109.49446105957,75.879997253418,27.6806666851044,1737
0,0,0,24,0,116.892791748047,34.9599990844727,27.6211667855581,1725
0,0,0,25,0,217.040267944336,13.960000038147,27.5569998423258,1665
0,0,0,25,0,153.329345703125,19.5599994659424,27.6813332239787,1644
0,0,1,21,0,2058.79248046875,9.23999977111816,27.8721667925517,1288
0,0,0,25,0,555.467102050781,6.84000015258789,27.6971666812897,1282
7,0,0,15,0,58.0816040039062,7.15999984741211,27.6565001010895,1323
15,2,0,4,0,90.9822082519531,13.8800001144409,27.030500014623,1786
8,0,0,6,0,161.210754394531,3.96000003814697,27.6056666374207,1276
0,1,0,13,6,133.155197143555,13.4799995422363,27.1029999256134,1749
21,2,0,2,0,16.3964519500732,71.7200012207031,26.5834998289744,1718
2,0,0,23,0,158.886352539062,16.5200004577637,27.3083330790202,1816
2,0,1,22,0,87.8352813720703,90.6800003051758,27.3103331724803,1864
3,9,0,13,0,179.653457641602,87.4400024414062,27.2411665121714,1854
0,0,0,25,0,169.618774414062,28.6399993896484,27.6863335768382,1775
0,0,13,12,0,40.0550117492676,36.3199996948242,27.2928330898285,1656
0,0,11,14,0,46.1907539367676,19.6399993896484,27.3633334636688,1728
0,0,0,25,0,146.0234375,28.5200004577637,27.6946664651235,1789
0,0,0,24,1,71.6348495483398,7.84000015258789,27.5673333009084,1407
0,0,0,25,0,94.9928207397461,8.23999977111816,27.8198334376017,1364
0,0,0,17,8,193.980575561523,8.96000003814697,27.6681667963664,1340
0,0,0,25,0,264.333679199219,19.7999992370605,28.2299997806549,1276
0,0,0,25,0,264.333679199219,19.7999992370605,28.2299997806549,1276
0,0,0,25,0,726.088928222656,14.7600002288818,27.9751665592194,1279
0,0,0,16,8,146.915802001953,7.67999982833862,27.5056665738424,1442
0,0,0,6,19,238.393798828125,7.88000011444092,27.5616664886475,1288
0,0,0,0,0,23.0694980621338,9.15999984741211,27.394500096639,1611
0,0,1,24,0,375.732940673828,18.2399997711182,27.8946666717529,1743
0,0,0,25,0,121.654876708984,17.9599990844727,27.5998333295186,1934
0,0,25,0,0,27.4041023254395,25.7600002288818,27.7423334916433,1392
0,0,0,25,0,178.55632019043,63.0800018310547,27.7179999351501,1723
0,0,0,25,0,111.570686340332,36.3600006103516,27.8128334681193,1796
0,0,0,3,19,234.743453979492,8.19999980926514,27.630833307902,1219
0,0,0,25,0,122.485885620117,54.5200004577637,27.2364999453227,1786
0,0,0,25,0,153.329345703125,19.5599994659424,27.6813332239787,1644
0,0,0,11,12,192.421371459961,12.1599998474121,27.2526664733887,1734
0,4,0,10,6,179.328903198242,13.4399995803833,27.2128333250682,1707
9,0,0,15,0,309.360595703125,25.6800003051758,27.0249999364217,1786
0,0,0,11,5,222.07585144043,17.1599998474121,27.1024997234344,1746
3,4,0,15,2,146.195007324219,13.8400001525879,26.9896664619446,1787
3,4,0,15,2,146.195007324219,13.8400001525879,26.9896664619446,1787
0,0,0,11,5,222.07585144043,17.1599998474121,27.1024997234344,1746
0,0,0,11,5,222.07585144043,17.1599998474121,27.1024997234344,1746
0,0,0,21,4,273.220184326172,20.0400009155273,27.3221667607625,1732
0,0,0,21,0,159.356048583984,21.2800006866455,27.319833278656,1751
0,4,0,10,6,179.328903198242,13.4399995803833,27.0544996261597,1739
0,0,0,11,12,192.421371459961,12.1599998474121,27.2526664733887,1734
0,0,0,25,0,65.6233520507812,53.3600006103516,27.4234999815623,1748
0,0,0,18,0,58.2014274597168,19.8799991607666,27.3790000279744,1710
9,0,0,15,0,309.360595703125,25.6800003051758,27.0249999364217,1786
0,0,0,25,0,181.056396484375,14.5600004196167,27.1828334331512,1761
0,0,0,25,0,216.758316040039,48.5999984741211,27.5056666533152,1857
0,1,0,13,6,133.155197143555,13.4799995422363,27.1029999256134,1749
0,0,0,25,0,122.485885620117,54.5200004577637,27.2364999453227,1786
6,2,0,17,0,29.6970996856689,59.3600006103516,26.7349998950958,1785
25,0,0,0,0,13.012640953064,93.120002746582,26.4930004278819,1785
25,0,0,0,0,14.131178855896,73.9199981689453,26.5868331591288,1784
25,0,0,0,0,29.4869136810303,79.5199966430664,26.5431667963664,1761
0,7,0,18,0,57.0691452026367,51.7200012207031,26.9739999771118,1786
25,0,0,0,0,32.4949073791504,68.5599975585938,26.6396667162577,1745
10,1,0,13,0,31.6529808044434,47.6800003051758,26.8203333218892,1805
25,0,0,0,0,9.39283752441406,90.4400024414062,26.4664999643962,1729
20,0,0,2,0,41.6671180725098,24.7999992370605,26.9498333930969,1782
25,0,0,0,0,28.2495002746582,88.5999984741211,26.5118334293365,1759
25,0,0,0,0,29.4869136810303,79.5199966430664,26.5431667963664,1761
25,0,0,0,0,24.0276508331299,88.6399993896484,26.5318333307902,1731
25,0,0,0,0,11.2644052505493,89,26.4886666933695,1700
21,0,0,4,0,38.3587074279785,92.0400009155273,26.5911664962769,1747
25,0,0,0,0,30.0470581054688,61.3199996948242,26.6351665655772,1727
25,0,0,0,0,5.84466171264648,110.519996643066,26.3731665611267,1736
25,0,0,0,0,29.6968994140625,75.4000015258789,26.570833047231,1739
17,0,0,8,0,79.6833801269531,53.8800010681152,26.7441667715708,1749
25,0,0,0,0,28.5270614624023,72.5999984741211,26.578666528066,1748
25,0,0,0,0,28.2495002746582,88.5999984741211,26.5118334293365,1759
0,0,0,21,4,181.562103271484,14.1599998474121,27.1764998435974,1835
25,0,0,0,0,20.1051273345947,89.9199981689453,26.5183336734772,1766
0,0,1,20,3,58.436107635498,16.7199993133545,27.192666610082,1761
0,2,0,10,10,105.974601745605,16.9599990844727,27.0436666806539,1775
0,0,6,14,2,588.015869140625,16.6000003814697,27.1324998537699,1776
0,1,0,24,0,98.4863662719727,19.7600002288818,27.1391666730245,1794
25,0,0,0,0,41.631404876709,71.8399963378906,26.4903333981832,2075
0,5,0,20,0,41.2683715820312,89.8000030517578,26.5726664861043,1877
5,14,0,6,0,17.9659271240234,38.0800018310547,26.9501665433248,1772
0,25,0,0,0,7.721839427948,53.7200012207031,27.0426665941874,1780
25,0,0,0,0,13.012640953064,93.120002746582,26.4930004278819,1785
10,15,0,0,0,8.44928932189941,65,26.6313332716624,1749
0,0,0,25,0,219.829162597656,15.6800003051758,27.2578331629435,1788
2,23,0,0,0,4.95408153533936,75.9599990844727,26.6596666971842,1746
25,0,0,0,0,1.72796094417572,100.040000915527,26.375833272934,1754
25,0,0,0,0,1.72023522853851,89.2399978637695,26.4253333409627,1761
25,0,0,0,0,1.68808853626251,101.720001220703,26.3843333721161,1760
25,0,0,0,0,3.82241916656494,71.4000015258789,26.5551666418711,1773
8,16,0,0,0,6.9025502204895,51.2799987792969,26.7900001207987,1782
22,2,0,0,0,5.3048300743103,61.1199989318848,26.6368333498637,1786
11,14,0,0,0,3.03364777565002,87.2399978637695,26.5294999281565,1742
21,4,0,0,0,2.91767287254333,73.7600021362305,26.5294999281565,1742
24,1,0,0,0,4.9203052520752,96.2399978637695,26.4943335056305,1746
3,22,0,0,0,4.95408153533936,77.0400009155273,26.6524999936422,1746
11,14,0,0,0,3.03364777565002,87.2399978637695,26.5294999281565,1742
3,22,0,0,0,5.87798833847046,77.0400009155273,26.6524999936422,1746
3,22,0,0,0,5.87798833847046,77.0400009155273,26.6524999936422,1746
23,2,0,0,0,1.43149554729462,127.400001525879,26.2543334166209,1740
2,1,0,22,0,198.906433105469,16.7999992370605,27.1586665312449,1862
0,0,0,19,6,104.182472229004,13.8800001144409,27.3535000483195,1746
0,0,0,25,0,145.170211791992,12.6800003051758,27.3716663519541,1555
0,0,0,25,0,245.747695922852,11,27.8168334960938,1432
25,0,0,0,0,17.5484924316406,92.4400024414062,26.5621666908264,1578
0,0,0,25,0,157.368148803711,13,27.3931667804718,1809
0,0,0,25,0,143.900848388672,52.2000007629395,27.2909998893738,2194
0,25,0,0,0,13.2131376266479,40.0400009155273,27.0023332436879,1767
20,5,0,0,0,17.69460105896,56.4799995422363,26.7616666952769,1768
0,0,0,25,0,57.3691673278809,80.5999984741211,26.760000149409,1806
0,0,0,25,0,57.3691673278809,80.5999984741211,26.760000149409,1806
3,0,0,22,0,59.7987098693848,78.879997253418,26.7439997196198,1793
9,0,0,16,0,18.9763488769531,100.480003356934,26.5841666857402,1794
10,5,0,10,0,35.7665710449219,69.0800018310547,26.7086665630341,1746
0,23,0,2,0,15.6061887741089,40.439998626709,27.1136666138967,1785
0,19,0,6,0,30.1498031616211,21.8400001525879,27.173500140508,1779
0,23,0,2,0,15.6061887741089,40.439998626709,27.1136666138967,1785
5,14,0,6,0,17.9659271240234,38.0800018310547,26.9501665433248,1772
0,0,0,17,4,194.295150756836,12.1999998092651,27.3826666673024,1604
0,0,0,25,0,122.485885620117,54.5200004577637,27.2364999453227,1786
0,0,0,25,0,36.5864791870117,47.3199996948242,27.071000178655,1780
0,0,0,25,0,36.5864791870117,47.3199996948242,27.071000178655,1780
6,2,0,17,0,29.6970996856689,59.3600006103516,26.7349998950958,1785
0,0,0,25,0,36.5864791870117,47.3199996948242,27.071000178655,1780
0,0,0,25,0,57.3691673278809,68.7200012207031,26.8701665401459,1807
8,6,0,11,0,28.2750015258789,77.3600006103516,26.685333331426,1777
0,0,0,25,0,57.3691673278809,80.5999984741211,26.760000149409,1806
9,0,0,16,0,18.9763488769531,100.480003356934,26.5841666857402,1794
21,0,0,4,0,18.0038604736328,93.0400009155273,26.54350010554,1786
21,4,0,0,0,17.3396816253662,71.3600006103516,26.6529996395111,1775
0,0,0,25,0,133.629745483398,122.680000305176,27.1331663926442,1798
8,6,0,11,0,28.2750015258789,77.3600006103516,26.685333331426,1777
0,0,0,25,0,213.731140136719,15.9200000762939,27.9108336766561,1625
0,0,0,25,0,244.623748779297,40.8800010681152,27.8111667633057,1704
0,0,0,21,4,163.630233764648,17.3999996185303,27.4219998518626,1684
7,1,0,17,0,72.8677368164062,110.879997253418,27.1068336168925,1804
0,2,0,18,3,134.408462524414,43.5200004577637,26.9813332557678,1789
7,0,0,18,0,122.417831420898,70.5599975585938,27.4498333930969,1796
0,0,2,23,0,63.7392654418945,11.3599996566772,27.9516666730245,1605
4,3,0,18,0,31.4229831695557,40,26.9610002835592,1731
3,1,2,19,0,90.6157684326172,61.7200012207031,27.186000029246,1797
20,4,0,1,0,13.0291576385498,58.2000007629395,26.8119999567668,1716
0,0,0,25,0,147.62467956543,23.0400009155273,27.3758335908254,1747
20,4,0,1,0,13.0291576385498,58.2000007629395,26.8119999567668,1716
25,0,0,0,0,7.80477666854858,65.2399978637695,26.6918330192566,1699
25,0,0,0,0,9.14885902404785,50.560001373291,26.7850000063578,1691
25,0,0,0,0,7.80477666854858,65.2399978637695,26.6918330192566,1699
3,7,3,12,0,13.4762992858887,44.8400001525879,26.9575000603994,1692
1,0,10,14,0,22.2127456665039,38.1199989318848,27.1596666177114,1663
1,0,10,14,0,22.2127456665039,38.1199989318848,27.1596666177114,1663
0,0,2,23,0,82.1588439941406,18.2399997711182,27.4831666151683,1713
3,7,3,12,0,12.2003164291382,44.8400001525879,26.9575000603994,1692
15,0,3,7,0,13.4781551361084,70.1999969482422,26.6911663214366,1734
12,1,5,7,0,20.3464279174805,27.2800006866455,27.1236666838328,1681
25,0,0,0,0,11.0986261367798,66.9599990844727,26.7151665687561,1735
20,4,0,1,0,13.0291576385498,58.2000007629395,26.8119999567668,1716
0,0,0,25,0,94.0767211914062,12,27.9804999828339,1681
0,0,0,24,0,130.54948425293,83.4800033569336,26.982666571935,1805
0,0,0,20,2,252.654937744141,12.3599996566772,27.2909998099009,1559
2,0,0,23,0,47.0684089660645,78.3199996948242,27.420999844869,1778
0,15,0,10,0,106.518157958984,160.960006713867,26.4950000445048,2165
0,0,0,25,0,191.38688659668,5.3600001335144,27.7628333568573,1542
3,2,7,10,0,67.2947616577148,5.07999992370605,27.6694999535878,1637
0,0,0,25,0,194.373199462891,5.96000003814697,27.7743331591288,1527
0,0,0,25,0,316.363525390625,5.76000022888184,27.8108333746592,1588
0,0,0,24,0,472.178314208984,3.88000011444092,27.8538334369659,1606
0,0,0,25,0,316.363525390625,5.76000022888184,27.8108333746592,1588
0,0,0,25,0,102.93856048584,5.84000015258789,27.8946665128072,1490
0,0,0,25,0,171.625015258789,15.1599998474121,27.7146666844686,1170
0,0,0,20,0,123.598991394043,12.6800003051758,27.7058333555857,1161
17,7,0,1,0,25.2448863983154,347.160003662109,25.5163333415985,2341
0,0,0,25,0,84.7419815063477,1.8400000333786,27.7375000317891,1444
0,0,0,25,0,108.394416809082,4.71999979019165,27.8404998779297,1539
0,0,0,25,0,84.7419815063477,1.8400000333786,27.7375000317891,1444
0,25,0,0,0,14.1348075866699,136,26.4118332862854,2023
0,0,0,25,0,128.521072387695,38.9599990844727,27.9568331241608,1691
0,0,0,25,0,178.55632019043,63.0800018310547,27.7179999351501,1723
0,0,0,25,0,197.791702270508,18.0799999237061,27.988499879837,1634
25,0,0,0,0,28.2495002746582,88.5999984741211,26.5118334293365,1759
25,0,0,0,0,27.5470848083496,83.4800033569336,26.50949994723,1745
0,0,0,25,0,93.4724349975586,78.6399993896484,27.7163331508636,1739
0,0,0,15,4,1304.2900390625,12.8000001907349,27.428333123525,1704
0,0,1,11,11,132.807693481445,10.2399997711182,27.3439998626709,1706
0,0,0,24,0,116.892791748047,34.9599990844727,27.6211667855581,1725
15,0,3,7,0,13.4781551361084,70.1999969482422,26.6911663214366,1734
24,0,0,1,0,10.8956079483032,67.5999984741211,26.7143334547679,1734
14,4,0,7,0,10.8623495101929,43.4799995422363,26.8411664962769,1701
16,0,1,8,0,12.7831478118896,53.7599983215332,26.8223331769307,1745
0,4,0,21,0,36.3044700622559,40.7200012207031,27.0824999809265,1771
0,1,0,0,3,12.3190822601318,44.0800018310547,26.8025001684825,1768
25,0,0,0,0,3.70393252372742,68.7200012207031,26.5476664702098,1777
0,25,0,0,0,3.82599592208862,90.6800003051758,27.2315000693003,1949
25,0,0,0,0,3.87324786186218,70.2399978637695,26.5903333028158,1775
0,0,0,24,0,376.06884765625,29.4400005340576,27.1041664282481,2110
25,0,0,0,0,11.2776899337769,65.9199981689453,26.7088330586751,1729
0,0,0,25,0,85.8092880249023,56.9599990844727,27.3041665554047,1791
22,3,0,0,0,30.5157032012939,90.4000015258789,26.5703334013621,1672
0,2,0,23,0,139.735931396484,63.560001373291,27.4573330879211,1835
0,2,0,23,0,139.735931396484,63.560001373291,27.4573330879211,1835
0,0,0,25,0,136.518203735352,53.0400009155273,27.6068333784739,1821
3,9,0,13,0,179.653457641602,87.4400024414062,27.2411665121714,1854
1,0,0,24,0,120.870498657227,61.7599983215332,27.5179999669393,1827
0,24,0,1,0,13.9059324264526,79.0400009155273,27.1070000330607,1806
19,1,0,5,0,14.0247783660889,61.8400001525879,26.7338333924611,1766
0,0,6,14,2,588.015869140625,16.6000003814697,27.1324998537699,1776
0,7,0,18,0,166.536972045898,60.4000015258789,26.9221666653951,1797
24,1,0,0,0,12.1293649673462,11.7200002670288,27.1890002886454,1462
1,0,6,16,0,13.5491247177124,9.07999992370605,27.6676666736603,1637
0,0,25,0,0,32.5136337280273,25.7600002288818,27.7423334916433,1392
0,0,0,25,0,287.855163574219,26.5200004577637,27.8931663831075,1677
0,0,2,23,0,23.4276027679443,40.9599990844727,27.801833152771,1439
19,4,0,0,0,11.5346765518188,9.31999969482422,27.2903331915538,1481
0,0,0,25,0,30.7194137573242,110.400001525879,27.3093330065409,1388
0,0,0,25,0,74.8809204101562,96.3199996948242,27.3936667442322,1383
0,0,0,25,0,253.028366088867,10.960000038147,27.7583336830139,1477
0,0,0,25,0,26.3187675476074,153.440002441406,27.1196665763855,1363
0,0,0,25,0,29.8390731811523,40.8400001525879,27.2738333543142,1328
0,0,0,25,0,253.559188842773,17.4400005340576,28.023166735967,1657
0,0,3,22,0,29.675178527832,37.9599990844727,27.9299999078115,1507
0,0,0,25,0,135.953735351562,26.7999992370605,28.1161665121714,1524
0,0,0,25,0,26.3187675476074,153.440002441406,27.1196665763855,1363
0,1,10,14,0,120.129096984863,12.2399997711182,27.9165001710256,1602
0,0,0,25,0,97.5026245117188,118.720001220703,26.9258333047231,1901
12,4,0,9,0,174.471710205078,147.600006103516,26.6591664950053,2037
3,4,2,16,0,58.1054725646973,36.1599998474121,27.270666440328,2296
0,0,0,25,0,113.062072753906,43.8400001525879,27.971666653951,1382
0,0,0,25,0,52.8092079162598,45,27.8886666297913,1351
0,0,0,25,0,109.520576477051,43.7599983215332,28.061333100001,1415
0,0,0,25,0,148.016159057617,70.4800033569336,27.7986667156219,1249
0,0,0,25,0,337.135711669922,36.2000007629395,28.0408330758413,1222
0,0,0,25,0,510.024627685547,39.5200004577637,27.9618330001831,1265
0,0,0,25,0,206.599380493164,60.0400009155273,27.8346664905548,1277
0,0,0,25,0,206.599380493164,60.0400009155273,27.8346664905548,1277
0,0,0,25,0,253.091720581055,78.2799987792969,27.8323334058126,1237
0,0,0,25,0,62.7434272766113,60.0400009155273,27.5221666495005,1508
0,2,2,21,0,51.8320541381836,23.7199993133545,27.3754995663961,1318
0,0,0,25,0,86.1301422119141,118.400001525879,27.2539998690287,1277
0,0,0,25,0,292.458618164062,38.9599990844727,27.849666595459,1247
0,0,0,25,0,490.456848144531,19.7199993133545,27.8778332074483,1268
0,0,0,25,0,348.321472167969,11.2399997711182,27.9749999841054,1279
0,0,0,23,0,429.505706787109,6.67999982833862,27.8709998130798,1277
0,0,0,25,0,79.4260940551758,52.4799995422363,27.2854999701182,1625
0,0,1,23,0,173.476608276367,10.8800001144409,27.8224999109904,1643
0,0,0,25,0,125.583793640137,14.7200002670288,27.676500082016,1656
0,0,9,16,0,115.760841369629,10.7600002288818,27.6401666005452,1466
0,8,12,5,0,49.8746490478516,19,27.7006669044495,1435
0,0,1,23,0,91.6932907104492,12.3199996948242,28.0088331699371,1359
0,0,3,22,0,42.1630744934082,15.3999996185303,27.7300000985463,1683
11,14,0,0,0,4.25799894332886,95.0400009155273,26.540333588918,1747
0,0,1,24,0,46.6999664306641,35.3199996948242,27.1793332894643,1596
2,2,0,21,0,33.7169456481934,34.5999984741211,27.0111668904622,1619
25,0,0,0,0,0.98886913061142,129.559997558594,26.2228332360586,1727
0,0,10,15,0,103.383811950684,19.8400001525879,27.2743333180745,1622
1,0,0,24,0,29.8725738525391,48.8800010681152,26.8980000813802,1627
25,0,0,0,0,7.36538982391357,82.1600036621094,26.5731666882833,1588
25,0,0,0,0,10.3356170654297,102.720001220703,26.561000029246,1598
25,0,0,0,0,7.36538982391357,82.1600036621094,26.5731666882833,1588
0,0,0,25,0,57.7515068054199,34.1599998474121,27.2253333727519,1600
0,0,0,25,0,160.21208190918,12.7600002288818,27.8096663951874,1591
0,0,0,25,0,134.993240356445,15.2799997329712,27.5800000031789,1591
2,0,0,1,0,17.7635555267334,9.92000007629395,27.3711667060852,1616
0,0,0,25,0,161.105422973633,13.039999961853,27.6846669514974,1549
0,0,0,25,0,86.6397399902344,17.5599994659424,27.7255000273387,1566
0,5,16,4,0,18.1484031677246,26.8799991607666,27.5363332430522,1555
0,1,0,23,0,50.4100875854492,10.960000038147,27.5369997819265,1482
1,0,6,16,0,13.5491247177124,9.07999992370605,27.6676666736603,1637
0,0,0,25,0,170.415893554688,11.960000038147,27.7838333447774,1549
0,0,0,25,0,297.178771972656,13.5200004577637,27.8104999860128,1673
0,0,0,25,0,160.21208190918,12.7600002288818,27.8096663951874,1591
0,0,0,25,0,160.21208190918,12.7600002288818,27.8096663951874,1591
0,0,0,25,0,81.5937118530273,11.1199998855591,27.9431666533152,1618
0,0,0,25,0,130.69123840332,13.6800003051758,27.7691668669383,1471
9,2,2,12,0,28.7703857421875,25.4799995422363,27.3059996763865,1506
0,3,13,9,0,44.6320915222168,16.9200000762939,27.801332950592,1452
8,3,0,0,0,15.9129419326782,11,27.2854998111725,1512
0,0,0,25,0,134.993240356445,15.2799997329712,27.5800000031789,1591
0,0,0,25,0,153.326858520508,12.4399995803833,27.6541665395101,1531
2,11,2,5,0,29.6735553741455,10.039999961853,27.8293333053589,1382
0,0,0,25,0,52.8621444702148,10.7600002288818,27.5983332792918,1542
23,0,0,0,0,18.9116916656494,10.3599996566772,27.2880001068115,1585
2,0,1,4,0,22.7323722839355,10.4799995422363,27.4121669133504,1537
0,0,0,25,0,106.587730407715,11.8000001907349,27.4670000871023,1503
0,0,25,0,0,34.3015632629395,25.3199996948242,27.6450000603994,1542
0,0,0,25,0,181.749404907227,26.8400001525879,27.5736666520437,1609
2,0,0,19,3,195.82795715332,7.92000007629395,27.4125000635783,1313
0,2,1,22,0,108.204818725586,12.8800001144409,27.9511663118998,1552
0,0,0,25,0,100.798812866211,26.5599994659424,28.0231664975484,1506
0,0,0,25,0,104.036476135254,19.7600002288818,28.0350000858307,1584
22,0,0,3,0,25.2242088317871,85.4800033569336,26.510333220164,1689
24,1,0,0,0,24.6941757202148,98.2399978637695,26.5086666742961,1705
21,4,0,0,0,6.55629730224609,82.7200012207031,26.4781671365102,1705
25,0,0,0,0,1.87321448326111,127.959999084473,26.4061667919159,1723
0,9,0,15,0,26.1899585723877,35.2000007629395,27.0721667607625,1780
0,1,0,20,4,43.7637176513672,28.3600006103516,27.0923334757487,1779
0,19,0,6,0,46.0878524780273,34.8800010681152,27.1164999008179,1774
0,14,7,4,0,24.845983505249,25.1599998474121,27.2026666800181,1785
0,2,0,23,0,54.3583488464355,29.8400001525879,27.5021664301554,1481
11,0,0,13,0,117.982833862305,34.8400001525879,27.3956665992737,1726
0,1,0,23,0,73.5840606689453,10.960000038147,27.5369997819265,1482
6,19,0,0,0,13.8349876403809,112.559997558594,26.7204999923706,1566
5,16,0,4,0,81.9458236694336,126.879997253418,26.816833337148,1611
0,25,0,0,0,1.85836505889893,115.440002441406,26.8188334306081,1770
17,8,0,0,0,6.06119918823242,193.800003051758,26.0725000699361,1746
0,25,0,0,0,7.30796957015991,59.5200004577637,27.3818333148956,1893
0,0,12,13,0,47.726131439209,50.3199996948242,27.2309999465942,1790
