node1,node2,length,startLat,startLon,endLat,endLon,endNodeL,startNodeL,startYear,endYear,treeID
352,361,7.891827030171,11.9659092007838,104.857768282464,11.8903194587974,104.840848734936,7.891827030171,0,1974.06287503745,1981.95470206762,86000000
352,353,12.77444966428,11.9659092007838,104.857768282464,11.32612532149,105.045330251894,12.77444966428,0,1974.06287503745,1986.83732470173,86000000
353,354,3.931387498841,11.32612532149,105.045330251894,11.2982882079795,104.904105205778,16.705837163121,12.77444966428,1986.83732470173,1990.76871220057,86000000
353,360,18.23283621213,11.32612532149,105.045330251894,11.3701027671424,104.900411283131,31.00728587641,12.77444966428,1986.83732470173,2005.07016091386,86000000
354,355,12.23614410302,11.2982882079795,104.904105205778,12.6419608083267,104.806791957096,28.941981266141,16.705837163121,1990.76871220057,2003.00485630359,86000000
354,356,3.869560598044,11.2982882079795,104.904105205778,10.9566121133777,104.692040965303,20.575397761165,16.705837163121,1990.76871220057,1994.63827279862,86000000
355,1,6.22254095669,12.6419608083267,104.806791957096,11.191,103.478,35.164522222831,28.941981266141,2003.00485630359,2009.22739726028,86000000
355,2,6.063636847101,12.6419608083267,104.806791957096,14.214,104.936,35.005618113242,28.941981266141,2003.00485630359,2009.0684931507,86000000
356,7,7.786384735634,10.9566121133777,104.692040965303,10.772,104.684,28.361782496799,20.575397761165,1994.63827279862,2002.42465753425,86000000
356,357,0.769804886629,10.9566121133777,104.692040965303,10.9286022833674,104.665485578155,21.345202647794,20.575397761165,1994.63827279862,1995.40807768525,86000000
357,358,4.181139376162,10.9286022833674,104.665485578155,10.926743920533,104.768155310721,25.526342023956,21.345202647794,1995.40807768525,1999.58921706141,86000000
357,6,6.309730533937,10.9286022833674,104.665485578155,12.725,104.893,27.654933181731,21.345202647794,1995.40807768525,2001.71780821918,86000000
358,5,4.268317185172,10.926743920533,104.768155310721,10.7828028659037,104.664730612074,29.794659209128,25.526342023956,1999.58921706141,2003.85753424658,86000000
358,359,2.165342959684,10.926743920533,104.768155310721,11.0701333903263,104.763558701812,27.69168498364,25.526342023956,1999.58921706141,2001.75456002109,86000000
359,3,5.012563266584,11.0701333903263,104.763558701812,11.309,105.548,32.704248250224,27.69168498364,2001.75456002109,2006.76712328768,86000000
359,4,12.78242628028,11.0701333903263,104.763558701812,13.1271597126024,103.219713226862,40.47411126392,27.69168498364,2001.75456002109,2014.53698630137,86000000
360,8,4.039428127235,11.3701027671424,104.900411283131,11.459,104.872,35.046714003645,31.00728587641,2005.07016091386,2009.1095890411,86000000
360,9,4.466825387509,11.3701027671424,104.900411283131,11.531,104.911,35.474111263919,31.00728587641,2005.07016091386,2009.53698630137,86000000
361,362,6.03984355953,11.8903194587974,104.840848734936,11.7160922223883,104.836267931121,13.931670589701,7.891827030171,1981.95470206762,1987.99454562715,86000000
361,407,1.200804196828,11.8903194587974,104.840848734936,11.6161158426198,104.892063806704,9.092631226999,7.891827030171,1981.95470206762,1983.15550626445,86000000
362,363,7.148796747654,11.7160922223883,104.836267931121,11.6360598331962,104.864162273762,21.080467337355,13.931670589701,1987.99454562715,1995.14334237481,86000000
362,399,7.702958608478,11.7160922223883,104.836267931121,11.5634837256167,104.948441048646,21.634629198179,13.931670589701,1987.99454562715,1995.69750423563,86000000
363,364,0.6519069913867,11.6360598331962,104.864162273762,11.5884583723374,104.880792393807,21.7323743287417,21.080467337355,1995.14334237481,1995.79524936619,86000000
363,10,3.048438447111,11.6360598331962,104.864162273762,11.8911048016758,104.712067070216,24.128905784466,21.080467337355,1995.14334237481,1998.19178082192,86000000
364,371,1.765099959809,11.5884583723374,104.880792393807,11.6224987688253,104.882416258933,23.4974742885507,21.7323743287417,1995.79524936619,1997.560349326,86000000
364,365,1.068667057352,11.5884583723374,104.880792393807,11.4708750041293,104.678095624685,22.8010413860937,21.7323743287417,1995.79524936619,1996.86391642355,86000000
365,366,1.222590245732,11.4708750041293,104.678095624685,11.4100307724601,104.601482860073,24.0236316318257,22.8010413860937,1996.86391642355,1998.08650666928,86000000
365,11,14.97717946686,11.4708750041293,104.678095624685,12.195,105.107,37.7782208529537,22.8010413860937,1996.86391642355,2011.84109589041,86000000
366,367,2.22550722782,11.4100307724601,104.601482860073,11.5289708746395,104.565718180796,26.2491388596457,24.0236316318257,1998.08650666928,2000.3120138971,86000000
366,369,1.087644299581,11.4100307724601,104.601482860073,11.4325954055595,104.672236676385,25.1112759314067,24.0236316318257,1998.08650666928,1999.17415096886,86000000
367,12,4.02678391711,11.5289708746395,104.565718180796,12.22,104.464,30.2759227767557,26.2491388596457,2000.3120138971,2004.33879781421,86000000
367,368,11.13841692975,11.5289708746395,104.565718180796,11.3893327963108,105.309300677239,37.3875557893957,26.2491388596457,2000.3120138971,2011.45043082685,86000000
368,14,1.145197588457,11.3893327963108,105.309300677239,11.3855165373081,105.328460183173,38.5327533778527,37.3875557893957,2011.45043082685,2012.59562841531,86000000
368,13,1.785185611513,11.3893327963108,105.309300677239,11.3361524907562,105.635573928013,39.1727414009087,37.3875557893957,2011.45043082685,2013.23561643836,86000000
369,17,3.195712044839,11.4325954055595,104.672236676385,14.229,104.104,28.3069879762457,25.1112759314067,1999.17415096886,2002.3698630137,86000000
369,370,0.1723498498837,11.4325954055595,104.672236676385,11.4617859763812,104.65388612353,25.2836257812904,25.1112759314067,1999.17415096886,1999.34650081874,86000000
370,16,1.878156715503,11.4617859763812,104.65388612353,11.556,104.851,27.1617824967934,25.2836257812904,1999.34650081874,2001.22465753425,86000000
370,15,1.249127596557,11.4617859763812,104.65388612353,11.138,104.55,26.5327533778474,25.2836257812904,1999.34650081874,2000.5956284153,86000000
371,46,6.28896574249,11.6224987688253,104.882416258933,11.472,104.566,29.7864400310407,23.4974742885507,1997.560349326,2003.84931506849,86000000
371,372,1.46993392834,11.6224987688253,104.882416258933,11.6443278207704,104.826816988542,24.9674082168907,23.4974742885507,1997.560349326,1999.03028325434,86000000
372,45,10.64642907442,11.6443278207704,104.826816988542,11.788,104.609,35.6138372913107,24.9674082168907,1999.03028325434,2009.67671232876,86000000
372,373,0.3726544475479,11.6443278207704,104.826816988542,11.642309808414,104.83750479883,25.3400626644386,24.9674082168907,1999.03028325434,1999.40293770189,86000000
373,374,4.806159272586,11.642309808414,104.83750479883,11.5851582890127,104.935080427802,30.1462219370246,25.3400626644386,1999.40293770189,2004.20909697448,86000000
373,44,5.263728964776,11.642309808414,104.83750479883,13.473,103.756,30.6037916292146,25.3400626644386,1999.40293770189,2004.66666666667,86000000
374,43,0.2280614954687,11.5851582890127,104.935080427802,11.591,104.94,30.3742834324933,30.1462219370246,2004.20909697448,2004.43715846995,86000000
374,375,0.3287043750591,11.5851582890127,104.935080427802,11.6181164679207,104.903306845585,30.4749263120837,30.1462219370246,2004.20909697448,2004.53780134954,86000000
375,42,6.026582212108,11.6181164679207,104.903306845585,11.528,104.939,36.5015085241917,30.4749263120837,2004.53780134954,2010.56438356164,86000000
375,376,5.037321980601,11.6181164679207,104.903306845585,11.652608451554,105.020726722436,35.5122482926847,30.4749263120837,2004.53780134954,2009.57512333014,86000000
376,377,1.142823146467,11.652608451554,105.020726722436,11.720326759399,105.07427749759,36.6550714391517,35.5122482926847,2009.57512333014,2010.7179464766,86000000
376,388,0.2825031275495,11.652608451554,105.020726722436,11.5887295187207,105.332374627959,35.7947514202342,35.5122482926847,2009.57512333014,2009.85762645769,86000000
377,387,1.925834768375,11.720326759399,105.07427749759,11.8535069225252,105.025338305156,38.5809062075267,36.6550714391517,2010.7179464766,2012.64378124498,86000000
377,378,0.6851619534285,11.720326759399,105.07427749759,11.7689669764177,105.083011704944,37.3402333925802,36.6550714391517,2010.7179464766,2011.40310843003,86000000
378,27,1.498530914231,11.7689669764177,105.083011704944,11.8970218840455,105.166647723467,38.8387643068112,37.3402333925802,2011.40310843003,2012.90163934426,86000000
378,379,0.3867554596021,11.7689669764177,105.083011704944,11.7113557723674,105.01402572807,37.7269888521823,37.3402333925802,2011.40310843003,2011.78986388964,86000000
379,382,0.001991169076681,11.7113557723674,105.01402572807,11.7064233422137,105.016628700452,37.728980021259,37.7269888521823,2011.78986388964,2011.79185505871,86000000
379,380,2.545747554819,11.7113557723674,105.01402572807,11.6291217759711,105.122267560601,40.2727364070013,37.7269888521823,2011.78986388964,2014.33561144445,86000000
380,381,1.802303314641,11.6291217759711,105.122267560601,11.8485114050389,105.085521393301,42.0750397216423,40.2727364070013,2014.33561144445,2016.1379147591,86000000
380,18,2.298268336968,11.6291217759711,105.122267560601,11.7194545911191,105.240991473918,42.5710047439693,40.2727364070013,2014.33561144445,2016.63387978142,86000000
381,19,1.459345514879,11.8485114050389,105.085521393301,11.7927685569895,105.086174632167,43.5343852365213,42.0750397216423,2016.1379147591,2017.59726027397,86000000
381,20,0.9470167477559,11.8485114050389,105.085521393301,11.663703334647,105.070243563884,43.0220564693982,42.0750397216423,2016.1379147591,2017.08493150685,86000000
382,383,0.2568562619255,11.7064233422137,105.016628700452,11.6586055592522,104.978721691107,37.9858362831845,37.728980021259,2011.79185505871,2012.04871132064,86000000
382,385,0.8386384200301,11.7064233422137,105.016628700452,11.7255797249109,105.0221713892,38.5676184412891,37.728980021259,2011.79185505871,2012.63049347874,86000000
383,23,0.9567681314188,11.6586055592522,104.978721691107,11.6301933437933,104.958772620835,38.9426044146033,37.9858362831845,2012.04871132064,2013.00547945206,86000000
383,384,0.5450056661712,11.6586055592522,104.978721691107,11.684570201875,104.965859937811,38.5308419493557,37.9858362831845,2012.04871132064,2012.59371698681,86000000
384,22,1.063817259768,11.684570201875,104.965859937811,13.3693751171259,103.868265125168,39.5946592091237,38.5308419493557,2012.59371698681,2013.65753424658,86000000
384,21,0.2724032317722,11.684570201875,104.965859937811,11.833733354663,105.05973815005,38.8032451811279,38.5308419493557,2012.59371698681,2012.86612021858,86000000
385,386,0.6492294588829,11.7255797249109,105.0221713892,11.6110152289,105.028511833076,39.216847900172,38.5676184412891,2012.63049347874,2013.27972293763,86000000
385,24,0.4243010418076,11.7255797249109,105.0221713892,11.4581365336032,105.184318872054,38.9919194830967,38.5676184412891,2012.63049347874,2013.05479452055,86000000
386,25,1.254523637719,11.6110152289,105.028511833076,11.5459170906478,105.028953236105,40.471371537891,39.216847900172,2013.27972293763,2014.53424657534,86000000
386,26,0.6298661034725,11.6110152289,105.028511833076,11.6284746521627,104.956039077215,39.8467140036445,39.216847900172,2013.27972293763,2013.9095890411,86000000
387,29,1.646629713926,11.8535069225252,105.025338305156,11.7544550710571,105.005231439673,40.2275359214527,38.5809062075267,2012.64378124498,2014.29041095891,86000000
387,28,0.1157815965518,11.8535069225252,105.025338305156,11.8098161467508,105.044209924367,38.6966878040785,38.5809062075267,2012.64378124498,2012.75956284153,86000000
388,394,0.9728794091045,11.5887295187207,105.332374627959,11.524246132206,105.374583765721,36.7676308293387,35.7947514202342,2009.85762645769,2010.83050586679,86000000
388,389,0.8743283749873,11.5887295187207,105.332374627959,11.6763304202157,105.323170922126,36.6690797952215,35.7947514202342,2009.85762645769,2010.73195483267,86000000
389,390,1.223626637299,11.6763304202157,105.323170922126,11.6615642039725,105.129682872322,37.8927064325205,36.6690797952215,2010.73195483267,2011.95558146997,86000000
389,30,6.347497222121,11.6763304202157,105.323170922126,11.6226149074733,105.253466475246,43.0165770173425,36.6690797952215,2010.73195483267,2017.0794520548,86000000
390,391,1.533049175542,11.6615642039725,105.129682872322,11.2125297407025,105.412109393535,39.4257556080625,37.8927064325205,2011.95558146997,2013.48863064552,86000000
390,35,0.3996097868584,11.6615642039725,105.129682872322,11.653259015854,105.141252446793,38.2923162193789,37.8927064325205,2011.95558146997,2012.35519125683,86000000
391,392,0.21003491491,11.2125297407025,105.412109393535,11.2310748617595,105.460450325494,39.6357905229725,39.4257556080625,2013.48863064552,2013.69866556043,86000000
391,393,1.395278466747,11.2125297407025,105.412109393535,11.3851760041365,105.468452259773,40.8210340748095,39.4257556080625,2013.48863064552,2014.88390911226,86000000
392,32,2.065718001219,11.2310748617595,105.460450325494,11.3042230968575,105.451987483634,41.7015085241915,39.6357905229725,2013.69866556043,2015.76438356164,86000000
392,31,1.704074165603,11.2310748617595,105.460450325494,11.0577308289795,105.378783747754,41.3398646885755,39.6357905229725,2013.69866556043,2015.40273972603,86000000
393,33,0.2667758192453,11.3851760041365,105.468452259773,11.4579941659299,105.431253716703,41.0878098940548,40.8210340748095,2014.88390911226,2015.15068493151,86000000
393,34,3.042118284999,11.3851760041365,105.468452259773,11.5537906374614,105.629594299416,43.8631523598085,40.8210340748095,2014.88390911226,2017.92602739726,86000000
394,395,1.394889438496,11.524246132206,105.374583765721,11.5960230812599,105.371113319364,38.1625202678347,36.7676308293387,2010.83050586679,2012.22539530529,86000000
394,396,2.092690458559,11.524246132206,105.374583765721,11.8519054210749,105.411798741022,38.8603212878977,36.7676308293387,2010.83050586679,2012.92319632535,86000000
395,36,4.389358793074,11.5960230812599,105.371113319364,11.3248965370897,105.533457713757,42.5518790609087,38.1625202678347,2012.22539530529,2016.61475409836,86000000
395,37,3.591043050878,11.5960230812599,105.371113319364,11.2357876449419,105.286295307114,41.7535633187127,38.1625202678347,2012.22539530529,2015.81643835617,86000000
396,38,0.1370776472538,11.8519054210749,105.411798741022,11.8399212256578,105.420348898943,38.9973989351515,38.8603212878977,2012.92319632535,2013.0602739726,86000000
396,397,0.1028175190024,11.8519054210749,105.411798741022,11.8711623489555,105.381935528732,38.9631388069001,38.8603212878977,2012.92319632535,2013.02601384435,86000000
397,398,0.6772993907706,11.8711623489555,105.381935528732,11.7196729998222,105.453185734399,39.6404381976707,38.9631388069001,2013.02601384435,2013.70331323512,86000000
397,39,1.735629991265,11.8711623489555,105.381935528732,11.6612211004964,105.221389580772,40.6987687981651,38.9631388069001,2013.02601384435,2014.76164383562,86000000
398,40,0.7323032032342,11.7196729998222,105.453185734399,11.7204168719254,105.442429692476,40.3727414009049,39.6404381976707,2013.70331323512,2014.43561643836,86000000
398,41,3.359700463508,11.7196729998222,105.453185734399,11.6637965486434,105.424439899455,43.0001386611787,39.6404381976707,2013.70331323512,2017.06301369863,86000000
399,400,14.71340135881,11.5634837256167,104.948441048646,11.279819347061,105.300356734677,36.348030556989,21.634629198179,1995.69750423563,2010.41090559444,86000000
399,55,14.93811220272,11.5634837256167,104.948441048646,11.527,104.846,36.572741400899,21.634629198179,1995.69750423563,2010.63561643835,86000000
400,47,1.172656049395,11.279819347061,105.300356734677,13.649,102.57,37.520686606384,36.348030556989,2010.41090559444,2011.58356164384,86000000
400,401,1.993080282031,11.279819347061,105.300356734677,11.5282424456533,105.660862023688,38.34111083902,36.348030556989,2010.41090559444,2012.40398587647,86000000
401,404,0.8920352687225,11.5282424456533,105.660862023688,11.4831207941315,105.635021317236,39.2331461077425,38.34111083902,2012.40398587647,2013.2960211452,86000000
401,402,0.1539916752545,11.5282424456533,105.660862023688,11.5071929109108,105.645507709841,38.4951025142745,38.34111083902,2012.40398587647,2012.55797755173,86000000
402,403,0.08633780490284,11.5071929109108,105.645507709841,11.5536543363843,105.675271270976,38.5814403191773,38.4951025142745,2012.55797755173,2012.64431535663,86000000
402,48,1.499556694849,11.5071929109108,105.645507709841,12.2930123116117,105.614500323457,39.9946592091235,38.4951025142745,2012.55797755173,2014.05753424658,86000000
403,50,1.928287383097,11.5536543363843,105.675271270976,11.6042766637204,105.511481576715,40.5097277022743,38.5814403191773,2012.64431535663,2014.57260273973,86000000
403,49,2.676232588576,11.5536543363843,105.675271270976,11.2840872424048,105.653581958747,41.2576729077533,38.5814403191773,2012.64431535663,2015.32054794521,86000000
404,405,0.836655535551,11.4831207941315,105.635021317236,11.3715809793638,105.608930801275,40.0698016432935,39.2331461077425,2013.2960211452,2014.13267668075,86000000
404,51,4.65740351234,11.4831207941315,105.635021317236,11.8496181020663,105.637038940725,43.8905496200825,39.2331461077425,2013.2960211452,2017.95342465754,86000000
405,52,2.635082882096,11.3715809793638,105.608930801275,11.1479161784892,105.543023250711,42.7048845253895,40.0698016432935,2014.13267668075,2016.76775956284,86000000
405,406,0.01708484920953,11.3715809793638,105.608930801275,11.3544930316712,105.612747391466,40.086886492503,40.0698016432935,2014.13267668075,2014.14976152996,86000000
406,54,2.74914557387,11.3544930316712,105.612747391466,11.3246654503027,105.546103096387,42.836032066373,40.086886492503,2014.14976152996,2016.89890710383,86000000
406,53,1.409142579634,11.3544930316712,105.612747391466,11.9210818667589,105.856334310683,41.496029072137,40.086886492503,2014.14976152996,2015.55890410959,86000000
407,408,4.855012832318,11.6161158426198,104.892063806704,11.8584917777938,105.043897830161,13.947644059317,9.092631226999,1983.15550626445,1988.01051909677,86000000
407,454,2.827457827836,11.6161158426198,104.892063806704,11.6000696540998,104.89560884886,11.920089054835,9.092631226999,1983.15550626445,1985.98296409229,86000000
408,410,1.818376511536,11.8584917777938,105.043897830161,11.7671737676306,105.283794065485,15.766020570853,13.947644059317,1988.01051909677,1989.82889560831,86000000
408,409,9.049679344636,11.8584917777938,105.043897830161,11.7436532182375,105.074882296554,22.997323403953,13.947644059317,1988.01051909677,1997.06019844141,86000000
409,57,2.005554983252,11.7436532182375,105.074882296554,11.865,105.128,25.002878387205,22.997323403953,1997.06019844141,1999.06575342466,86000000
409,56,2.011034435307,11.7436532182375,105.074882296554,11.2558474658359,105.278180810484,25.00835783926,22.997323403953,1997.06019844141,1999.07123287671,86000000
410,411,0.1489327221592,11.7671737676306,105.283794065485,11.7580268119265,105.281853614419,15.9149532930122,15.766020570853,1989.82889560831,1989.97782833047,86000000
410,419,5.742189287292,11.7671737676306,105.283794065485,11.369886884504,105.266704675168,21.508209858145,15.766020570853,1989.82889560831,1995.5710848956,86000000
411,415,1.355561318898,11.7580268119265,105.281853614419,11.5457108708706,105.231492832398,17.2705146119102,15.9149532930122,1989.97782833047,1991.33338964936,86000000
411,412,3.107677127755,11.7580268119265,105.281853614419,11.9212611093419,105.222965119634,19.0226304207672,15.9149532930122,1989.97782833047,1993.08550545822,86000000
412,58,5.413124678766,11.9212611093419,105.222965119634,11.897,105.167,24.4357550995332,19.0226304207672,1993.08550545822,1998.49863013699,86000000
412,413,3.148660253441,11.9212611093419,105.222965119634,11.9895510614092,105.7801030927,22.1712906742082,19.0226304207672,1993.08550545822,1996.23416571166,86000000
413,61,2.461724699298,11.9895510614092,105.7801030927,11.957,105.719,24.6330153735062,22.1712906742082,1996.23416571166,1998.69589041096,86000000
413,414,2.446577150823,11.9895510614092,105.7801030927,11.9117154730833,105.921879231352,24.6178678250312,22.1712906742082,1996.23416571166,1998.68074286248,86000000
414,60,3.450763986831,11.9117154730833,105.921879231352,12.097,106.46,28.0686318118622,24.6178678250312,1998.68074286248,2002.13150684932,86000000
414,59,7.321996863543,11.9117154730833,105.921879231352,13.104,103.174,31.9398646885742,24.6178678250312,1998.68074286248,2006.00273972603,86000000
415,416,3.395710398549,11.5457108708706,105.231492832398,11.7384843306039,105.38055999132,20.6662250104592,17.2705146119102,1991.33338964936,1994.72910004791,86000000
415,417,4.012865178183,11.5457108708706,105.231492832398,11.5795741850373,105.188059650055,21.2833797900932,17.2705146119102,1991.33338964936,1995.34625482755,86000000
416,63,4.328434198664,11.7384843306039,105.38055999132,10.7284902260608,104.59675080685,24.9946592091232,20.6662250104592,1994.72910004791,1999.05753424658,86000000
416,62,11.48459858223,11.7384843306039,105.38055999132,11.9,105.257,32.1508235926892,20.6662250104592,1994.72910004791,2006.21369863014,86000000
417,418,4.215112530926,11.5795741850373,105.188059650055,11.5556160657643,105.024138571341,25.4984923210192,21.2833797900932,1995.34625482755,1999.56136735847,86000000
417,64,13.79895065191,11.5795741850373,105.188059650055,11.927,105.207,35.0823304420032,21.2833797900932,1995.34625482755,2009.14520547946,86000000
418,66,7.54274223057,11.5556160657643,105.024138571341,11.533,104.939,33.0412345515892,25.4984923210192,1999.56136735847,2007.10410958904,86000000
418,65,9.564660038789,11.5556160657643,105.024138571341,12.325,105.107,35.0631523598082,25.4984923210192,1999.56136735847,2009.12602739726,86000000
419,67,5.109242973255,11.369886884504,105.266704675168,11.257,105.386,26.6174528314,21.508209858145,1995.5710848956,2000.68032786885,86000000
419,420,2.274326332387,11.369886884504,105.266704675168,11.4654564397484,105.384816122661,23.782536190532,21.508209858145,1995.5710848956,1997.84541122799,86000000
420,102,2.777539591687,11.4654564397484,105.384816122661,11.558,104.707,26.560075782219,23.782536190532,1997.84541122799,2000.62295081967,86000000
420,421,1.503292560437,11.4654564397484,105.384816122661,11.4521939231657,105.523502984636,25.285828750969,23.782536190532,1997.84541122799,1999.34870378842,86000000
421,422,0.05069456509857,11.4521939231657,105.523502984636,11.5309676941341,105.546951890061,25.3365233160676,25.285828750969,1999.34870378842,1999.39939835352,86000000
421,68,2.634857855414,11.4521939231657,105.523502984636,11.995,104.954,27.920686606383,25.285828750969,1999.34870378842,2001.98356164384,86000000
422,423,1.752216716442,11.5309676941341,105.546951890061,11.2994144410537,105.464025196031,27.0887400325096,25.3365233160676,1999.39939835352,2001.15161506996,86000000
422,69,4.170464660178,11.5309676941341,105.546951890061,11.313,105.513,29.5069879762456,25.3365233160676,1999.39939835352,2003.5698630137,86000000
423,424,1.290475697657,11.2994144410537,105.464025196031,11.4341836935068,105.334174759928,28.3792157301666,27.0887400325096,2001.15161506996,2002.44209076762,86000000
423,101,2.922155421841,11.2994144410537,105.464025196031,11.137,105.632,30.0108954543506,27.0887400325096,2001.15161506996,2004.0737704918,86000000
424,425,1.370482195228,11.4341836935068,105.334174759928,11.4994733236895,105.437174107875,29.7496979253946,28.3792157301666,2002.44209076762,2003.81257296285,86000000
424,448,2.295655552015,11.4341836935068,105.334174759928,11.6240367177985,105.553324576003,30.6748712821816,28.3792157301666,2002.44209076762,2004.73774631963,86000000
425,426,0.9059511883455,11.4994733236895,105.437174107875,11.4879931189926,105.44029176477,30.6556491137401,29.7496979253946,2003.81257296285,2004.71852415119,86000000
425,432,4.031869473454,11.4994733236895,105.437174107875,11.4202113732893,105.456454218177,33.7815673988486,29.7496979253946,2003.81257296285,2007.8444424363,86000000
426,427,0.1512547487294,11.4879931189926,105.44029176477,11.4935327405586,105.443215631493,30.8069038624695,30.6556491137401,2004.71852415119,2004.86977889992,86000000
426,76,2.262297766616,11.4879931189926,105.44029176477,11.559,104.899,32.9179468803561,30.6556491137401,2004.71852415119,2006.98082191781,86000000
427,428,6.265856597394,11.4935327405586,105.443215631493,11.3491366491664,105.546194896126,37.0727604598635,30.8069038624695,2004.86977889992,2011.13563549732,86000000
427,430,0.2916300401631,11.4935327405586,105.443215631493,11.4891043497553,105.453582232328,31.0985339026326,30.8069038624695,2004.86977889992,2005.16140894009,86000000
428,429,2.004158199077,11.3491366491664,105.546194896126,11.5295068166071,105.405930222716,39.0769186589405,37.0727604598635,2011.13563549732,2013.13979369639,86000000
428,70,4.475323406794,11.3491366491664,105.546194896126,11.3759179478146,105.524295534045,41.5480838666575,37.0727604598635,2011.13563549732,2015.61095890411,86000000
429,71,0.482124111826,11.5295068166071,105.405930222716,11.5874913553508,105.422407366143,39.5590427707665,39.0769186589405,2013.13979369639,2013.62191780822,86000000
429,72,0.8492473994971,11.5295068166071,105.405930222716,11.5001299657879,105.441835005408,39.9261660584376,39.0769186589405,2013.13979369639,2013.98904109589,86000000
430,431,6.81290774855,11.4891043497553,105.453582232328,11.2987245384384,105.437010123988,37.9114416511826,31.0985339026326,2005.16140894009,2011.97431668864,86000000
430,73,3.475203081773,11.4891043497553,105.453582232328,11.72,104.524,34.5737369844056,31.0985339026326,2005.16140894009,2008.63661202186,86000000
431,74,3.995546325063,11.2987245384384,105.437010123988,11.3307000397135,105.626801400983,41.9069879762456,37.9114416511826,2011.97431668864,2015.9698630137,86000000
431,75,0.05300571573599,11.2987245384384,105.437010123988,11.2909567425241,105.439587930347,37.9644473669186,37.9114416511826,2011.97431668864,2012.02732240437,86000000
432,441,1.413245855921,11.4202113732893,105.456454218177,11.4419994498912,105.49976163441,35.1948132547696,33.7815673988486,2007.8444424363,2009.25768829222,86000000
432,433,4.982191146433,11.4202113732893,105.456454218177,11.3695776476933,105.442535396339,38.7637585452816,33.7815673988486,2007.8444424363,2012.82663358273,86000000
433,434,0.222981097955,11.3695776476933,105.442535396339,11.3435757760438,105.463760723196,38.9867396432366,38.7637585452816,2012.82663358273,2013.04961468069,86000000
433,77,0.4966540884985,11.3695776476933,105.442535396339,11.3362851790827,105.473362657822,39.2604126337801,38.7637585452816,2012.82663358273,2013.32328767123,86000000
434,439,0.2159943454879,11.3435757760438,105.463760723196,11.3672930679095,105.512185088723,39.2027339887245,38.9867396432366,2013.04961468069,2013.26560902618,86000000
434,435,0.2085716553472,11.3435757760438,105.463760723196,11.3532501451093,105.49902594493,39.1953112985838,38.9867396432366,2013.04961468069,2013.25818633604,86000000
435,436,1.032756696451,11.3532501451093,105.49902594493,11.3751409880514,105.476948109005,40.2280679950348,39.1953112985838,2013.25818633604,2014.29094303249,86000000
435,437,0.2201567815258,11.3532501451093,105.49902594493,11.3757050847528,105.500689468528,39.4154680801096,39.1953112985838,2013.25818633604,2013.47834311756,86000000
436,78,2.367526912868,11.3751409880514,105.476948109005,11.1387450561154,105.356460283662,42.5955949079028,40.2280679950348,2014.29094303249,2016.65846994536,86000000
436,79,1.032344638745,11.3751409880514,105.476948109005,11.4486207482872,105.517608269954,41.2604126337798,40.2280679950348,2014.29094303249,2015.32328767123,86000000
437,438,1.229376687394,11.3757050847528,105.500689468528,11.3141146180342,105.561463779819,40.6448447675036,39.4154680801096,2013.47834311756,2014.70771980496,86000000
437,82,2.184670581068,11.3757050847528,105.500689468528,11.5144891447523,105.443031145452,41.6001386611776,39.4154680801096,2013.47834311756,2015.66301369863,86000000
438,80,1.672061615808,11.3141146180342,105.561463779819,11.3898761519057,105.588957520377,42.3169063833116,40.6448447675036,2014.70771980496,2016.37978142076,86000000
438,81,2.01632391089,11.3141146180342,105.561463779819,11.3495002846686,105.672333736296,42.6611686783936,40.6448447675036,2014.70771980496,2016.72404371585,86000000
439,85,1.939870425877,11.3672930679095,105.512185088723,11.3446115757029,105.451995898418,41.1426044146015,39.2027339887245,2013.26560902618,2015.20547945205,86000000
439,440,1.600558938311,11.3672930679095,105.512185088723,11.3761985329769,105.519658154935,40.8032929270355,39.2027339887245,2013.26560902618,2014.86616796449,86000000
440,83,0.07629778893661,11.3761985329769,105.519658154935,11.2572709219306,105.386371692566,40.8795907159721,40.8032929270355,2014.86616796449,2014.94246575343,86000000
440,84,0.2215032683888,11.3761985329769,105.519658154935,11.3435707080265,105.513358471832,41.0247961954243,40.8032929270355,2014.86616796449,2015.08767123288,86000000
441,86,3.477284385373,11.4419994498912,105.49976163441,11.7233524803802,105.218272929474,38.6720976401426,35.1948132547696,2009.25768829222,2012.7349726776,86000000
441,442,0.6618095186587,11.4419994498912,105.49976163441,11.3113280168273,105.557844967818,35.8566227734283,35.1948132547696,2009.25768829222,2009.91949781088,86000000
442,93,7.03132186125,11.3113280168273,105.557844967818,10.9651587749092,105.86265387825,42.8879446346783,35.8566227734283,2009.91949781088,2016.95081967213,86000000
442,443,0.921085902531,11.3113280168273,105.557844967818,11.3276883509692,105.542124192163,36.7777086759593,35.8566227734283,2009.91949781088,2010.84058371341,86000000
443,447,0.2552075927302,11.3276883509692,105.542124192163,11.3206118234413,105.507825156425,37.0329162686895,36.7777086759593,2010.84058371341,2011.09579130614,86000000
443,444,2.491707789553,11.3276883509692,105.542124192163,11.3879342828753,105.567483421208,39.2694164655123,36.7777086759593,2010.84058371341,2013.33229150297,86000000
444,87,3.708804387445,11.3879342828753,105.567483421208,11.021003803905,105.916730018306,42.9782208529573,39.2694164655123,2013.33229150297,2017.04109589041,86000000
444,445,3.542882512012,11.3879342828753,105.567483421208,11.3489493245955,105.444662964408,42.8122989775243,39.2694164655123,2013.33229150297,2016.87517401498,86000000
445,446,0.6827480295197,11.3489493245955,105.444662964408,11.2624076519407,105.633759432439,43.495047007044,42.8122989775243,2016.87517401498,2017.5579220445,86000000
445,88,0.4207163959814,11.3489493245955,105.444662964408,11.1954643239765,105.54451309404,43.2330153735057,42.8122989775243,2016.87517401498,2017.29589041096,86000000
446,90,0.3297491883796,11.2624076519407,105.633759432439,11.3092213714428,105.649437789054,43.8247961954236,43.495047007044,2017.5579220445,2017.88767123288,86000000
446,89,0.4092012431741,11.2624076519407,105.633759432439,11.3092630319251,105.649557904657,43.9042482502181,43.495047007044,2017.5579220445,2017.96712328767,86000000
447,92,3.052153899337,11.3206118234413,105.507825156425,11.3667679479711,105.480735774568,40.0850701680265,37.0329162686895,2011.09579130614,2014.14794520548,86000000
447,91,0.7727018445425,11.3206118234413,105.507825156425,11.195,104.566,37.805618113232,37.0329162686895,2011.09579130614,2011.86849315069,86000000
448,449,2.876915771638,11.6240367177985,105.553324576003,11.9418555077672,105.244399044336,33.5517870538196,30.6748712821816,2004.73774631963,2007.61466209127,86000000
448,94,7.76771816124,11.6240367177985,105.553324576003,12.015954789318,105.237062894505,38.4425894434216,30.6748712821816,2004.73774631963,2012.50546448087,86000000
449,450,4.729954346639,11.9418555077672,105.244399044336,12.0873384217201,105.187228293434,38.2817414004586,33.5517870538196,2007.61466209127,2012.34461643791,86000000
449,451,2.378852390372,11.9418555077672,105.244399044336,12.0310605791898,105.227583017586,35.9306394441916,33.5517870538196,2007.61466209127,2009.99351448164,86000000
450,96,1.017027397706,12.0873384217201,105.187228293434,11.8945073522558,105.133496995627,39.2987687981646,38.2817414004586,2012.34461643791,2013.36164383562,86000000
450,95,1.564972603185,12.0873384217201,105.187228293434,12.187181908254,105.187114634029,39.8467140036436,38.2817414004586,2012.34461643791,2013.9095890411,86000000
451,100,1.57086908,12.0310605791898,105.227583017586,10.712,104.526,37.5015085241916,35.9306394441916,2009.99351448164,2011.56438356164,86000000
451,452,1.538104339265,12.0310605791898,105.227583017586,12.3105319912051,105.145597002207,37.4687437834566,35.9306394441916,2009.99351448164,2011.53161882091,86000000
452,99,0.5476161517687,12.3105319912051,105.145597002207,12.3478570753281,105.131882967047,38.0163599352253,37.4687437834566,2011.53161882091,2012.07923497268,86000000
452,453,0.2933795110279,12.3105319912051,105.145597002207,12.2550777440521,105.112875372937,37.7621232944845,37.4687437834566,2011.53161882091,2011.82499833194,86000000
453,98,2.018837284502,12.2550777440521,105.112875372937,12.1854423347737,105.129835033526,39.7809605789865,37.7621232944845,2011.82499833194,2013.84383561644,86000000
453,97,0.3116136899211,12.2550777440521,105.112875372937,12.2432244352537,105.138266962973,38.0737369844056,37.7621232944845,2011.82499833194,2012.13661202186,86000000
454,646,0.6371490674151,11.6000696540998,104.89560884886,11.6573843489578,104.946714650142,12.5572381222501,11.920089054835,1985.98296409229,1986.6201131597,86000000
454,455,1.311386947548,11.6000696540998,104.89560884886,11.5957916969451,104.877368226191,13.231476002383,11.920089054835,1985.98296409229,1987.29435103984,86000000
455,591,5.275141825256,11.5957916969451,104.877368226191,11.6897526056937,104.867469621046,18.506617827639,13.231476002383,1987.29435103984,1992.56949286509,86000000
455,456,2.481433790927,11.5957916969451,104.877368226191,11.494755235343,104.917731856826,15.71290979331,13.231476002383,1987.29435103984,1989.77578483076,86000000
456,457,0.6143528530901,11.494755235343,104.917731856826,11.4667554758904,104.946495194221,16.3272626464001,15.71290979331,1989.77578483076,1990.39013768385,86000000
456,590,1.243251779522,11.494755235343,104.917731856826,11.3503185782345,104.982438641855,16.956161572832,15.71290979331,1989.77578483076,1991.01903661029,86000000
457,485,0.2821717135068,11.4667554758904,104.946495194221,11.4890245250307,104.857721630777,16.6094343599069,16.3272626464001,1990.39013768385,1990.67230939736,86000000
457,458,0.6702301685881,11.4667554758904,104.946495194221,11.515420615338,104.953603067954,16.9974928149882,16.3272626464001,1990.39013768385,1991.06036785244,86000000
458,481,3.528414750186,11.515420615338,104.953603067954,11.7089158455907,104.965470438377,20.5259075651742,16.9974928149882,1991.06036785244,1994.58878260263,86000000
458,459,2.840083945468,11.515420615338,104.953603067954,11.6147130563461,104.954028574004,19.8375767604562,16.9974928149882,1991.06036785244,1993.90045179791,86000000
459,475,1.650956593791,11.6147130563461,104.954028574004,11.6926788995682,105.021921614993,21.4885333542472,19.8375767604562,1993.90045179791,1995.5514083917,86000000
459,460,0.2715519819816,11.6147130563461,104.954028574004,11.6599664675148,104.928805198793,20.1091287424378,19.8375767604562,1993.90045179791,1994.17200377989,86000000
460,467,2.145426614206,11.6599664675148,104.928805198793,10.8998012792433,104.716662010762,22.2545553566438,20.1091287424378,1994.17200377989,1996.3174303941,86000000
460,461,3.657092342858,11.6599664675148,104.928805198793,11.5512266718993,104.941555334682,23.7662210852958,20.1091287424378,1994.17200377989,1997.82909612275,86000000
461,462,1.376267653569,11.5512266718993,104.941555334682,11.5851354518004,104.955478521772,25.1424887388648,23.7662210852958,1997.82909612275,1999.20536377632,86000000
461,465,0.9919034949905,11.5512266718993,104.941555334682,11.5181012725854,104.949268998548,24.7581245802863,23.7662210852958,1997.82909612275,1998.82099961774,86000000
462,106,0.04121156614754,11.5851354518004,104.955478521772,11.603,104.956,25.1837003050123,25.1424887388648,1999.20536377632,1999.24657534247,86000000
462,463,4.679155980316,11.5851354518004,104.955478521772,11.5937773642275,104.924269036186,29.8216447191808,25.1424887388648,1999.20536377632,2003.88451975663,86000000
463,105,0.4214911723273,11.5937773642275,104.924269036186,11.56,104.923,30.2431358915081,29.8216447191808,2003.88451975663,2004.30601092896,86000000
463,464,8.137814114482,11.5937773642275,104.924269036186,10.7957020461329,104.439872248384,37.9594588336628,29.8216447191808,2003.88451975663,2012.02233387112,86000000
464,104,0.007720773692053,10.7957020461329,104.439872248384,10.795265101462,104.420299710781,37.9671796073549,37.9594588336628,2012.02233387112,2012.03005464481,86000000
464,103,3.322871608335,10.7957020461329,104.439872248384,10.951069944357,104.475788948468,41.2823304419978,37.9594588336628,2012.02233387112,2015.34520547945,86000000
465,109,0.2557127110277,11.5181012725854,104.949268998548,11.5372135018814,104.939488555523,25.013837291314,24.7581245802863,1998.82099961774,1999.07671232877,86000000
465,466,2.403457567787,11.5181012725854,104.949268998548,11.6096452911292,104.979239786211,27.1615821480733,24.7581245802863,1998.82099961774,2001.22445718553,86000000
466,107,3.589750464746,11.6096452911292,104.979239786211,11.553,104.929,30.7513326128193,27.1615821480733,2001.22445718553,2004.81420765027,86000000
466,108,1.211159252829,11.6096452911292,104.979239786211,11.212,104.585,28.3727414009023,27.1615821480733,2001.22445718553,2002.43561643836,86000000
467,118,2.740103852479,10.8998012792433,104.716662010762,10.7283147622218,104.597458862714,24.9946592091228,22.2545553566438,1996.3174303941,1999.05753424658,86000000
467,468,1.646654396929,10.8998012792433,104.716662010762,11.004702521271,104.566678385295,23.9012097535728,22.2545553566438,1996.3174303941,1997.96408479103,86000000
468,469,0.6477696231942,11.004702521271,104.566678385295,11.0124414514099,104.559028402507,24.548979376767,23.9012097535728,1997.96408479103,1998.61185441422,86000000
468,110,1.468791921303,11.004702521271,104.566678385295,10.834,104.443,25.3700016748758,23.9012097535728,1997.96408479103,1999.43287671233,86000000
469,474,0.4437555338548,11.0124414514099,104.559028402507,10.9745859744292,104.616781631637,24.9927349106218,24.548979376767,1998.61185441422,1999.05560994808,86000000
469,470,4.940333958776,11.0124414514099,104.559028402507,10.8809505830535,104.478720385315,29.489313335543,24.548979376767,1998.61185441422,2003.552188373,86000000
470,111,6.417674640702,10.8809505830535,104.478720385315,10.841,104.655,35.906987976245,29.489313335543,2003.552188373,2009.9698630137,86000000
470,471,1.35011900158,10.8809505830535,104.478720385315,11.0741461434058,104.515873885243,30.839432337123,29.489313335543,2003.552188373,2004.90230737458,86000000
471,472,4.838098732853,11.0741461434058,104.515873885243,11.0536168990698,104.195241301069,35.677531069976,30.839432337123,2004.90230737458,2009.74040610743,86000000
471,115,2.327829611725,11.0741461434058,104.515873885243,11.196,104.788,33.167261948848,30.839432337123,2004.90230737458,2007.2301369863,86000000
472,473,2.990575828093,11.0536168990698,104.195241301069,11.0701483016177,104.147629076661,38.668106898069,35.677531069976,2009.74040610743,2012.73098193552,86000000
472,114,2.609320668526,11.0536168990698,104.195241301069,11.205981256314,104.239912132346,38.286851738502,35.677531069976,2009.74040610743,2012.34972677596,86000000
473,113,2.616963269957,11.0701483016177,104.147629076661,10.5824440136578,103.76074379732,41.285070168026,38.668106898069,2012.73098193552,2015.34794520548,86000000
473,112,4.337511215162,11.0701483016177,104.147629076661,11.6147227328659,104.89805643138,43.005618113231,38.668106898069,2012.73098193552,2017.06849315068,86000000
474,116,10.4019242985,10.9745859744292,104.616781631637,10.738,103.632,35.3946592091218,24.9927349106218,1999.05560994808,2009.45753424658,86000000
474,117,1.255865461761,10.9745859744292,104.616781631637,11.354,104.72,26.2486003723828,24.9927349106218,1999.05560994808,2000.31147540984,86000000
475,125,6.262290238436,11.6926788995682,105.021921614993,11.128,104.798,27.7508235926832,21.4885333542472,1995.5514083917,2001.81369863014,86000000
475,476,2.774804519121,11.6926788995682,105.021921614993,11.7532774445749,105.097602813662,24.2633378733682,21.4885333542472,1995.5514083917,1998.32621291082,86000000
476,477,4.836608018544,11.7532774445749,105.097602813662,10.7293202761947,104.639580866967,29.0999458919122,24.2633378733682,1998.32621291082,2003.16282092937,86000000
476,119,4.334061061781,11.7532774445749,105.097602813662,11.3523826673419,105.021061717132,28.5973989351492,24.2633378733682,1998.32621291082,2002.6602739726,86000000
477,479,1.175576930719,10.7293202761947,104.639580866967,10.6787178951404,104.633065057427,30.2755228226312,29.0999458919122,2003.16282092937,2004.33839786008,86000000
477,478,1.681384314727,10.7293202761947,104.639580866967,11.0593466133772,104.880715964999,30.7813302066392,29.0999458919122,2003.16282092937,2004.84420524409,86000000
478,120,4.128472351535,11.0593466133772,104.880715964999,11.088,104.749,34.9098025581742,30.7813302066392,2004.84420524409,2008.97267759563,86000000
478,121,0.9311372216605,11.0593466133772,104.880715964999,12.255,105.941,31.7124674282997,30.7813302066392,2004.84420524409,2005.77534246575,86000000
479,122,0.3255365661441,10.6787178951404,104.633065057427,10.7829923358781,104.664807569499,30.6010593887753,30.2755228226312,2004.33839786008,2004.66393442623,86000000
479,480,6.665472279272,10.6787178951404,104.633065057427,11.0048320534298,103.845584020092,36.9409951019032,30.2755228226312,2004.33839786008,2011.00387013936,86000000
480,123,4.826266846944,11.0048320534298,103.845584020092,11.1104648623846,103.751353128675,41.7672619488472,36.9409951019032,2011.00387013936,2015.8301369863,86000000
480,124,2.302979175711,11.0048320534298,103.845584020092,11.1862647749792,103.473065133659,39.2439742776142,36.9409951019032,2011.00387013936,2013.30684931507,86000000
481,130,6.383894993001,11.7089158455907,104.965470438377,11.091,104.436,26.9098025581752,20.5259075651742,1994.58878260263,2000.97267759563,86000000
481,482,0.2562995262865,11.7089158455907,104.965470438377,11.7355835717266,104.944062384745,20.7822070914607,20.5259075651742,1994.58878260263,1994.84508212891,86000000
482,484,2.06298462796,11.7355835717266,104.944062384745,12.0658044928802,104.979677631776,22.8451917194207,20.7822070914607,1994.84508212891,1996.90806675687,86000000
482,483,4.448037803338,11.7355835717266,104.944062384745,11.7174587190997,105.033205319883,25.2302448947987,20.7822070914607,1994.84508212891,1999.29311993225,86000000
483,127,2.909619793776,11.7174587190997,105.033205319883,13.592,102.976,28.1398646885747,25.2302448947987,1999.29311993225,2002.20273972603,86000000
483,126,5.187754384689,11.7174587190997,105.033205319883,11.507,105.026,30.4179992794877,25.2302448947987,1999.29311993225,2004.48087431694,86000000
484,129,4.823440092441,12.0658044928802,104.979677631776,14.226,103.942,27.6686318118617,22.8451917194207,1996.90806675687,2001.73150684931,86000000
484,128,3.332370401596,12.0658044928802,104.979677631776,11.868,104.933,26.1775621210167,22.8451917194207,1996.90806675687,2000.24043715847,86000000
485,496,1.560165687687,11.4890245250307,104.857721630777,11.5432631075082,104.860417642325,18.1696000475939,16.6094343599069,1990.67230939736,1992.23247508505,86000000
485,486,4.555137649976,11.4890245250307,104.857721630777,11.952767986604,104.715714785833,21.1645720098829,16.6094343599069,1990.67230939736,1995.22744704734,86000000
486,487,0.204775257589,11.952767986604,104.715714785833,11.9101784285637,104.669952745722,21.3693472674719,21.1645720098829,1995.22744704734,1995.43222230493,86000000
486,141,14.24378582938,11.952767986604,104.715714785833,13.045,102.507,35.4083578392629,21.1645720098829,1995.22744704734,2009.47123287672,86000000
487,493,1.215499128091,11.9101784285637,104.669952745722,12.1840990681009,104.87499037152,22.5848463955629,21.3693472674719,1995.43222230493,1996.64772143302,86000000
487,488,2.09891464252,11.9101784285637,104.669952745722,11.9332977196912,104.729056252467,23.4682619099919,21.3693472674719,1995.43222230493,1997.53113694745,86000000
488,489,2.37858572779,11.9332977196912,104.729056252467,11.9010679702525,104.925501471342,25.8468476377819,23.4682619099919,1997.53113694745,1999.90972267524,86000000
488,492,0.5448986707682,11.9332977196912,104.729056252467,11.8938116657691,104.741527572056,24.0131605807601,23.4682619099919,1997.53113694745,1998.07603561821,86000000
489,131,0.7514795105569,11.9010679702525,104.925501471342,11.903,105.135,26.5983271483388,25.8468476377819,1999.90972267524,2000.66120218579,86000000
489,490,3.771263302801,11.9010679702525,104.925501471342,11.60334711687,104.958401733554,29.6181109405829,25.8468476377819,1999.90972267524,2003.68098597804,86000000
490,132,0.7616369727828,11.60334711687,104.958401733554,11.636,104.925,30.3797479133657,29.6181109405829,2003.68098597804,2004.44262295082,86000000
490,491,0.8645474131257,11.60334711687,104.958401733554,11.6071323074742,104.929010195586,30.4826583537086,29.6181109405829,2003.68098597804,2004.54553339116,86000000
491,133,0.4107507618429,11.6071323074742,104.929010195586,11.5764666698122,104.936144961343,30.8934091155515,30.4826583537086,2004.54553339116,2004.956284153,86000000
491,134,0.02277261976645,11.6071323074742,104.929010195586,11.587,104.927,30.5054309734751,30.4826583537086,2004.54553339116,2004.56830601093,86000000
492,136,0.844512326992,11.8938116657691,104.741527572056,11.8910350239138,104.711707955837,24.8576729077521,24.0131605807601,1998.07603561821,1998.92054794521,86000000
492,135,4.197936984526,11.8938116657691,104.741527572056,12.4990805898813,105.126645355141,28.2110975652861,24.0131605807601,1998.07603561821,2002.27397260274,86000000
493,494,3.558790331753,12.1840990681009,104.87499037152,11.7318146678997,104.652121787826,26.1436367273159,22.5848463955629,1996.64772143302,2000.20651176477,86000000
493,137,8.856388156025,12.1840990681009,104.87499037152,13.371,103.84,31.4412345515879,22.5848463955629,1996.64772143302,2005.50410958904,86000000
494,138,6.494858098245,11.7318146678997,104.652121787826,10.862,104.478,32.6384948255609,26.1436367273159,2000.20651176477,2006.70136986301,86000000
494,495,5.49742692041,11.7318146678997,104.652121787826,11.4800245554699,104.906042161818,31.6410636477259,26.1436367273159,2000.20651176477,2005.70393868518,86000000
495,140,2.837044921379,11.4800245554699,104.906042161818,11.578,104.959,34.4781085691049,31.6410636477259,2005.70393868518,2008.54098360656,86000000
495,139,2.563820877663,11.4800245554699,104.906042161818,11.323,105.453,34.2048845253889,31.6410636477259,2005.70393868518,2008.26775956284,86000000
496,577,2.874552134959,11.5432631075082,104.860417642325,11.5132234318933,104.857974214649,21.0441521825529,18.1696000475939,1992.23247508505,1995.10702722001,86000000
496,497,3.167063798183,11.5432631075082,104.860417642325,11.6006633792649,105.026966771172,21.3366638457769,18.1696000475939,1992.23247508505,1995.39953888323,86000000
497,142,3.616899472934,11.6006633792649,105.026966771172,11.568,104.933,24.9535633187109,21.3366638457769,1995.39953888323,1999.01643835616,86000000
497,498,2.800939060231,11.6006633792649,105.026966771172,11.3393853962161,104.901365810258,24.1376029060079,21.3366638457769,1995.39953888323,1998.20047794346,86000000
498,143,9.155686440101,11.3393853962161,104.901365810258,13.355,103.878,33.2932893461089,24.1376029060079,1998.20047794346,2007.35616438356,86000000
498,499,1.326620624094,11.3393853962161,104.901365810258,11.6547794553008,104.861359809673,25.4642235301019,24.1376029060079,1998.20047794346,1999.52709856756,86000000
499,576,11.36256227168,11.6547794553008,104.861359809673,11.0189787557431,104.691308793065,36.8267858017819,25.4642235301019,1999.52709856756,2010.88966083924,86000000
499,500,1.488336341887,11.6547794553008,104.861359809673,11.5358433465019,104.941089187,26.9525598719889,25.4642235301019,1999.52709856756,2001.01543490944,86000000
500,573,0.8920493771666,11.5358433465019,104.941089187,11.5669173052533,104.924741287972,27.8446092491555,26.9525598719889,2001.01543490944,2001.90748428661,86000000
500,501,0.04841290257867,11.5358433465019,104.941089187,11.5375858236998,104.930425286313,27.0009727745676,26.9525598719889,2001.01543490944,2001.06384781202,86000000
501,502,0.9471459704538,11.5375858236998,104.930425286313,11.2009214749267,104.937763276636,27.9481187450214,27.0009727745676,2001.06384781202,2002.01099378247,86000000
501,572,0.05748044630871,11.5375858236998,104.930425286313,11.7284202090409,104.833233475402,27.0584532208763,27.0009727745676,2001.06384781202,2001.12132825833,86000000
502,555,1.017777394472,11.2009214749267,104.937763276636,11.2224773523032,104.908035603272,28.9658961394934,27.9481187450214,2002.01099378247,2003.02877117695,86000000
502,503,0.9827807795831,11.2009214749267,104.937763276636,11.1075292576666,104.872489788912,28.9308995246045,27.9481187450214,2002.01099378247,2002.99377456206,86000000
503,546,6.077302658842,11.1075292576666,104.872489788912,11.1138855455107,104.880043154698,35.0082021834465,28.9308995246045,2002.99377456206,2009.0710772209,86000000
503,504,6.316629037294,11.1075292576666,104.872489788912,11.1953223956196,104.923171946643,35.2475285618985,28.9308995246045,2002.99377456206,2009.31040359935,86000000
504,538,0.1546816197133,11.1953223956196,104.923171946643,11.1993587984261,104.933809692252,35.4022101816118,35.2475285618985,2009.31040359935,2009.46508521907,86000000
504,505,0.4082875638724,11.1953223956196,104.923171946643,11.1456355821413,104.975258691093,35.6558161257709,35.2475285618985,2009.31040359935,2009.71869116322,86000000
505,177,2.458904465192,11.1456355821413,104.975258691093,11.0777375871838,104.923801778356,38.1147205909629,35.6558161257709,2009.71869116322,2012.17759562842,86000000
505,506,1.086420631643,11.1456355821413,104.975258691093,11.2570584748353,104.671884862055,36.7422367574139,35.6558161257709,2009.71869116322,2010.80511179487,86000000
506,507,0.06600759072638,11.2570584748353,104.671884862055,11.2234459671262,104.635161425535,36.8082443481402,36.7422367574139,2010.80511179487,2010.87111938559,86000000
506,144,1.331500226992,11.2570584748353,104.671884862055,11.2738642340778,104.680600415004,38.0737369844059,36.7422367574139,2010.80511179487,2012.13661202186,86000000
507,508,1.569378868057,11.2234459671262,104.635161425535,11.2634714401958,104.702647996649,38.3776232161973,36.8082443481402,2010.87111938559,2012.44049825365,86000000
507,520,0.2215342978791,11.2234459671262,104.635161425535,11.2037962119158,104.68773713805,37.0297786460194,36.8082443481402,2010.87111938559,2011.09265368347,86000000
508,511,1.062568552918,11.2634714401958,104.702647996649,11.3119202814484,104.594468679582,39.4401917691153,38.3776232161973,2012.44049825365,2013.50306680657,86000000
508,509,0.07033883316724,11.2634714401958,104.702647996649,11.2231727643844,104.724698575369,38.4479620493645,38.3776232161973,2012.44049825365,2012.51083708682,86000000
509,510,0.3307988769348,11.2231727643844,104.724698575369,11.2674145016213,104.734212804836,38.7787609262993,38.4479620493645,2012.51083708682,2012.84163596375,86000000
509,145,1.968614967978,11.2231727643844,104.724698575369,10.7690174113134,104.501917614594,40.4165770173425,38.4479620493645,2012.51083708682,2014.4794520548,86000000
510,147,0.2734325293991,11.2674145016213,104.734212804836,11.2909140139119,104.759803438987,39.0521934556984,38.7787609262993,2012.84163596375,2013.11506849315,86000000
510,146,2.900829789673,11.2674145016213,104.734212804836,11.4210728017205,104.859926979922,41.6795907159723,38.7787609262993,2012.84163596375,2015.74246575343,86000000
511,157,4.075015385214,11.3119202814484,104.594468679582,10.9934926102461,104.977555291688,43.5152071543292,39.4401917691153,2013.50306680657,2017.57808219178,86000000
511,512,0.1516268584528,11.3119202814484,104.594468679582,11.3162293050344,104.586278346489,39.5918186275681,39.4401917691153,2013.50306680657,2013.65469366502,86000000
512,513,0.009487112295097,11.3162293050344,104.586278346489,11.31617756222,104.590725203594,39.6013057398631,39.5918186275681,2013.65469366502,2013.66418077732,86000000
512,156,1.03023784183,11.3162293050344,104.586278346489,11.7922329493165,104.941344808845,40.622056469398,39.5918186275681,2013.65469366502,2014.68493150685,86000000
513,148,2.737458566947,11.31617756222,104.590725203594,11.1948586053272,104.566117576339,42.3387643068101,39.6013057398631,2013.66418077732,2016.40163934426,86000000
513,514,0.1126906942262,11.31617756222,104.590725203594,11.2552062843819,104.5954942705,39.7139964340893,39.6013057398631,2013.66418077732,2013.77687147154,86000000
514,515,0.4089817222891,11.2552062843819,104.5954942705,11.3472725745412,104.614574209673,40.1229781563784,39.7139964340893,2013.77687147154,2014.18585319383,86000000
514,149,3.176680441027,11.2552062843819,104.5954942705,11.1460131115298,104.618913641357,42.8906768751163,39.7139964340893,2013.77687147154,2016.95355191257,86000000
515,155,2.330540248793,11.3472725745412,104.614574209673,11.4947943192237,104.667040065645,42.4535184051714,40.1229781563784,2014.18585319383,2016.51639344262,86000000
515,516,0.3855350669189,11.3472725745412,104.614574209673,11.2302446154382,104.496484230653,40.5085132232973,40.1229781563784,2014.18585319383,2014.57138826075,86000000
516,518,0.4648314950081,11.2302446154382,104.496484230653,11.2009279836222,104.492968691564,40.9733447183054,40.5085132232973,2014.57138826075,2015.03621975576,86000000
516,517,0.2703270807768,11.2302446154382,104.496484230653,11.2282711110414,104.483194689205,40.7788403040741,40.5085132232973,2014.57138826075,2014.84171534153,86000000
517,150,2.31992849409,11.2282711110414,104.483194689205,11.6683315419552,104.64543862611,43.0987687981641,40.7788403040741,2014.84171534153,2017.16164383562,86000000
517,151,0.6678736995701,11.2282711110414,104.483194689205,11.1720178122511,104.504264832603,41.4467140036442,40.7788403040741,2014.84171534153,2015.5095890411,86000000
518,152,1.663233796155,11.2009279836222,104.492968691564,11.2054296537807,104.559277636715,42.6365785144604,40.9733447183054,2015.03621975576,2016.69945355191,86000000
518,519,1.061028977281,11.2009279836222,104.492968691564,11.1479107101623,104.511332159244,42.0343736955864,40.9733447183054,2015.03621975576,2016.09724873304,86000000
519,153,0.5448277696935,11.1479107101623,104.511332159244,11.1001984170477,104.490962758221,42.5792014652799,42.0343736955864,2016.09724873304,2016.64207650273,86000000
519,154,1.541107431345,11.1479107101623,104.511332159244,11.1995803728805,104.513890658558,43.5754811269314,42.0343736955864,2016.09724873304,2017.63835616438,86000000
520,521,0.6751474643374,11.2037962119158,104.68773713805,11.181667906008,104.659865809855,37.7049261103568,37.0297786460194,2011.09265368347,2011.76780114781,86000000
520,523,0.4977514577162,11.2037962119158,104.68773713805,11.1559792239314,104.703996223528,37.5275301037356,37.0297786460194,2011.09265368347,2011.59040514119,86000000
521,522,1.374282034672,11.181667906008,104.659865809855,10.9530817309262,104.683975778493,39.0792081450288,37.7049261103568,2011.76780114781,2013.14208318248,86000000
521,158,1.106515792082,11.181667906008,104.659865809855,11.1379700452815,104.661554371835,38.8114419024388,37.7049261103568,2011.76780114781,2012.87431693989,86000000
522,160,3.601086216426,10.9530817309262,104.683975778493,11.1295133399734,104.70364388137,42.6802943614547,39.0792081450288,2013.14208318248,2016.74316939891,86000000
522,159,3.193982391289,10.9530817309262,104.683975778493,11.0519505988277,104.955934866699,42.2731905363177,39.0792081450288,2013.14208318248,2016.33606557377,86000000
523,524,2.061849013696,11.1559792239314,104.703996223528,11.2332918604396,104.632072805842,39.5893791174315,37.5275301037356,2011.59040514119,2013.65225415488,86000000
523,525,0.4468966246535,11.1559792239314,104.703996223528,11.1297998325312,104.705133618132,37.974426728389,37.5275301037356,2011.59040514119,2012.03730176584,86000000
524,161,1.769663653335,11.2332918604396,104.632072805842,11.256138728651,104.633693833318,41.3590427707665,39.5893791174315,2013.65225415488,2015.42191780822,86000000
524,162,0.421718447856,11.2332918604396,104.632072805842,11.2369173110933,104.645682454911,40.0110975652875,39.5893791174315,2013.65225415488,2014.07397260274,86000000
525,526,0.1126498866955,11.1297998325312,104.705133618132,11.1087577418193,104.710982121926,38.0870766150845,37.974426728389,2012.03730176584,2012.14995165254,86000000
525,176,0.446304791536,11.1297998325312,104.705133618132,11.123709158709,104.756159304254,38.420731519925,37.974426728389,2012.03730176584,2012.48360655738,86000000
526,536,0.8946292299284,11.1087577418193,104.710982121926,10.9160270185799,104.51774999765,38.9817058450129,38.0870766150845,2012.14995165254,2013.04458088247,86000000
526,527,0.08272679304753,11.1087577418193,104.710982121926,11.2145019345886,104.768650234321,38.1698034081321,38.0870766150845,2012.14995165254,2012.23267844559,86000000
527,535,0.02156153965213,11.2145019345886,104.768650234321,11.220867368386,104.777762894439,38.1913649477842,38.1698034081321,2012.23267844559,2012.25423998524,86000000
527,528,0.8487113005323,11.2145019345886,104.768650234321,11.0724676972865,104.901869443488,39.0185147086644,38.1698034081321,2012.23267844559,2013.08138974612,86000000
528,534,0.03009807496612,11.0724676972865,104.901869443488,11.0522641933007,104.902278785154,39.0486127836305,39.0185147086644,2013.08138974612,2013.11148782108,86000000
528,529,0.1316543286341,11.0724676972865,104.901869443488,11.1013971666882,104.923554710344,39.1501690372985,39.0185147086644,2013.08138974612,2013.21304407475,86000000
529,530,1.626790236515,11.1013971666882,104.923554710344,11.3958105659704,104.843811334645,40.7769592738135,39.1501690372985,2013.21304407475,2014.83983431127,86000000
529,168,2.931764668419,11.1013971666882,104.923554710344,11.0953610184503,104.952082523586,42.0819337057175,39.1501690372985,2013.21304407475,2016.14480874317,86000000
530,167,2.0399471095,11.3958105659704,104.843811334645,11.3050699346149,104.676808976048,42.8169063833135,40.7769592738135,2014.83983431127,2016.87978142077,86000000
530,531,0.594082695291,11.3958105659704,104.843811334645,11.3463752622064,104.805217173127,41.3710419691045,40.7769592738135,2014.83983431127,2015.43391700656,86000000
531,532,0.8245909184499,11.3463752622064,104.805217173127,11.4087553303386,104.770245643119,42.1956328875544,41.3710419691045,2015.43391700656,2016.25850792501,86000000
531,166,2.124987103033,11.3463752622064,104.805217173127,11.3524712757449,104.688413328881,43.4960290721375,41.3710419691045,2015.43391700656,2017.55890410959,86000000
532,533,0.2380392183754,11.4087553303386,104.770245643119,11.3671841831163,104.72436986569,42.4336721059298,42.1956328875544,2016.25850792501,2016.49654714338,86000000
532,163,0.05843196570395,11.4087553303386,104.770245643119,11.4022718675942,104.762863591695,42.2540648532583,42.1956328875544,2016.25850792501,2016.31693989071,86000000
533,164,0.2192998511538,11.3671841831163,104.72436986569,11.4011588021019,104.711542052549,42.6529719570836,42.4336721059298,2016.49654714338,2016.71584699454,86000000
533,165,0.3832342773834,11.3671841831163,104.72436986569,11.3329087617714,104.72372570811,42.8169063833132,42.4336721059298,2016.49654714338,2016.87978142077,86000000
534,170,3.399441140666,11.0522641933007,104.902278785154,11.1369395107142,104.871640349638,42.4480539242965,39.0486127836305,2013.11148782108,2016.51092896175,86000000
534,169,4.584402589877,11.0522641933007,104.902278785154,11.1986750388156,104.856114500024,43.6330153735075,39.0486127836305,2013.11148782108,2017.69589041096,86000000
535,171,2.058088781887,11.220867368386,104.777762894439,11.2179575294598,104.824207768595,40.2494537296712,38.1913649477842,2012.25423998524,2014.31232876712,86000000
535,172,1.214253165449,11.220867368386,104.777762894439,11.2467514936048,104.698247709787,39.4056181132332,38.1913649477842,2012.25423998524,2013.46849315069,86000000
536,537,1.411172961226,10.9160270185799,104.51774999765,10.9277197435784,104.440749651882,40.3928788062389,38.9817058450129,2013.04458088247,2014.45575384369,86000000
536,173,0.1828163778092,10.9160270185799,104.51774999765,10.7110336645016,104.436042921783,39.1645222228221,38.9817058450129,2013.04458088247,2013.22739726028,86000000
537,174,3.489451635761,10.9277197435784,104.440749651882,10.782686403217,104.356717578271,43.8823304419999,40.3928788062389,2014.45575384369,2017.94520547945,86000000
537,175,0.768903690556,10.9277197435784,104.440749651882,10.8977137921641,104.450902186969,41.1617824967949,40.3928788062389,2014.45575384369,2015.22465753425,86000000
538,539,0.01084139245003,11.1993587984261,104.933809692252,11.2002960227829,104.925847935972,35.4130515740618,35.4022101816118,2009.46508521907,2009.47592661151,86000000
538,186,2.269161356278,11.1993587984261,104.933809692252,11.184,105.021,37.6713715378898,35.4022101816118,2009.46508521907,2011.73424657534,86000000
539,178,1.518593936431,11.2002960227829,104.925847935972,13.738,107.019,36.9316455104928,35.4130515740618,2009.47592661151,2010.99452054795,86000000
539,540,0.4040661551043,11.2002960227829,104.925847935972,11.2330267908127,104.8347962063,35.8171177291661,35.4130515740618,2009.47592661151,2009.87999276662,86000000
540,541,0.8700517041135,11.2330267908127,104.8347962063,11.2030137488746,104.74628842418,36.6871694332796,35.8171177291661,2009.87999276662,2010.75004447073,86000000
540,179,3.139185315573,11.2330267908127,104.8347962063,10.9607482375626,104.441020849578,38.9563030447391,35.8171177291661,2009.87999276662,2013.01917808219,86000000
541,542,0.03847075851908,11.2030137488746,104.74628842418,11.1826007145251,104.704721878321,36.7256401917987,36.6871694332796,2010.75004447073,2010.78851522925,86000000
541,180,1.37290634894,11.2030137488746,104.74628842418,11.4026256598909,104.787942660628,38.0600757822196,36.6871694332796,2010.75004447073,2012.12295081967,86000000
542,185,2.24162175705,11.1826007145251,104.704721878321,11.2296679250205,104.598641363138,38.9672619488487,36.7256401917987,2010.78851522925,2013.0301369863,86000000
542,543,0.7060286232612,11.1826007145251,104.704721878321,11.184945499829,104.759449554567,37.4316688150599,36.7256401917987,2010.78851522925,2011.49454385251,86000000
543,545,1.485941599058,11.184945499829,104.759449554567,11.1093579096405,104.76395794389,38.9176104141179,37.4316688150599,2011.49454385251,2012.98048545157,86000000
543,544,2.379390651585,11.184945499829,104.759449554567,11.0426159805853,104.76200299797,39.8110594666449,37.4316688150599,2011.49454385251,2013.8739345041,86000000
544,182,1.931544947958,11.0426159805853,104.76200299797,10.6628420318554,104.562043837287,41.7426044146029,39.8110594666449,2013.8739345041,2015.80547945206,86000000
544,181,1.32880522193,11.0426159805853,104.76200299797,11.1167395589306,104.825898690387,41.1398646885749,39.8110594666449,2013.8739345041,2015.20273972603,86000000
545,184,1.077048795005,11.1093579096405,104.76395794389,11.1896237764379,104.554795083495,39.9946592091229,38.9176104141179,2012.98048545157,2014.05753424658,86000000
545,183,1.285267973087,11.1093579096405,104.76395794389,11.1388317027333,104.706940506412,40.2028783872049,38.9176104141179,2012.98048545157,2014.26575342466,86000000
546,187,3.830562123363,11.1138855455107,104.880043154698,11.1200581461341,104.941510674562,38.8387643068095,35.0082021834465,2009.0710772209,2012.90163934426,86000000
546,547,1.042130604295,11.1138855455107,104.880043154698,11.1293865885098,104.961209846318,36.0503327877415,35.0082021834465,2009.0710772209,2010.11320782519,86000000
547,548,0.6911753003164,11.1293865885098,104.961209846318,11.1435511414169,104.972203256889,36.7415080880579,36.0503327877415,2010.11320782519,2010.80438312551,86000000
547,549,0.03775485139224,11.1293865885098,104.961209846318,11.1295745896318,104.990735423197,36.0880876391337,36.0503327877415,2010.11320782519,2010.15096267659,86000000
548,189,0.7846579703797,11.1435511414169,104.972203256889,11.125,105.06,37.5261660584376,36.7415080880579,2010.80438312551,2011.58904109589,86000000
548,188,4.938082627914,11.1435511414169,104.972203256889,11.4912954907086,105.10025766356,41.6795907159719,36.7415080880579,2010.80438312551,2015.74246575342,86000000
549,190,0.33670855629,11.1295745896318,104.990735423197,12.237,105.126,36.4247961954237,36.0880876391337,2010.15096267659,2010.48767123288,86000000
549,550,0.7747415767239,11.1295745896318,104.990735423197,11.1715869001159,104.91203874221,36.8628292158576,36.0880876391337,2010.15096267659,2010.92570425331,86000000
550,191,2.282514924772,11.1715869001159,104.91203874221,11.1144155088076,104.945650934762,39.1453441406296,36.8628292158576,2010.92570425331,2013.20821917808,86000000
550,551,0.3802035465541,11.1715869001159,104.91203874221,11.1373931502736,104.902212532738,37.2430327624117,36.8628292158576,2010.92570425331,2011.30590779986,86000000
551,552,0.08873436406369,11.1373931502736,104.902212532738,11.1316440601864,104.909807649563,37.3317671264754,37.2430327624117,2011.30590779986,2011.39464216393,86000000
551,192,0.6694346658887,11.1373931502736,104.902212532738,11.234,104.908,37.9124674283004,37.2430327624117,2011.30590779986,2011.97534246575,86000000
552,553,0.1304192100596,11.1316440601864,104.909807649563,11.1227444150368,104.898768071809,37.462186336535,37.3317671264754,2011.39464216393,2011.52506137399,86000000
552,196,1.455084612028,11.1316440601864,104.909807649563,11.1501076626455,104.895556529535,38.7868517385034,37.3317671264754,2011.39464216393,2012.84972677596,86000000
553,195,0.6607309757389,11.1227444150368,104.898768071809,11.1663874863508,104.874127831527,38.1229173122739,37.462186336535,2011.52506137399,2012.18579234973,86000000
553,554,0.7328055036208,11.1227444150368,104.898768071809,11.0815659359566,104.85623503526,38.1949918401558,37.462186336535,2011.52506137399,2012.25786687761,86000000
554,194,4.783229012802,11.0815659359566,104.85623503526,10.924763055832,104.440722242626,42.9782208529578,38.1949918401558,2012.25786687761,2017.04109589041,86000000
554,193,1.777749560747,11.0815659359566,104.85623503526,12.2905070818665,106.326142283467,39.9727414009028,38.1949918401558,2012.25786687761,2014.03561643836,86000000
555,556,3.074185473028,11.2224773523032,104.908035603272,11.7491003663714,104.595357538161,32.0400816125214,28.9658961394934,2003.02877117695,2006.10295664997,86000000
555,562,1.778093559087,11.2224773523032,104.908035603272,11.7687654031494,104.988746047028,30.7439896985804,28.9658961394934,2003.02877117695,2004.80686473603,86000000
556,557,5.174921184726,11.7491003663714,104.595357538161,11.8124090224511,104.487900322941,37.2150027972474,32.0400816125214,2006.10295664997,2011.2778778347,86000000
556,203,0.7189611582442,11.7491003663714,104.595357538161,11.723,104.544,32.7590427707656,32.0400816125214,2006.10295664997,2006.82191780822,86000000
557,197,0.9243079576492,11.8124090224511,104.487900322941,11.7184124249657,104.531154341158,38.1393107548966,37.2150027972474,2011.2778778347,2012.20218579235,86000000
557,558,1.455545989974,11.8124090224511,104.487900322941,11.7781456633356,104.647758886083,38.6705487872214,37.2150027972474,2011.2778778347,2012.73342382467,86000000
558,202,0.463836449298,11.7781456633356,104.647758886083,11.8134198573935,104.774523283292,39.1343852365194,38.6705487872214,2012.73342382467,2013.19726027397,86000000
558,559,0.5648393861047,11.7781456633356,104.647758886083,11.6823892968678,104.634413343874,39.2353881733261,38.6705487872214,2012.73342382467,2013.29826321078,86000000
559,560,0.2250017297774,11.6823892968678,104.634413343874,11.7177306489309,104.633124503877,39.4603899031035,39.2353881733261,2013.29826321078,2013.52326494056,86000000
559,201,0.359271035796,11.6823892968678,104.634413343874,11.6813181591346,104.701300386274,39.5946592091221,39.2353881733261,2013.29826321078,2013.65753424658,86000000
560,198,0.5918035525939,11.7177306489309,104.633124503877,11.7044951577024,104.59039093898,40.0521934556974,39.4603899031035,2013.52326494056,2014.11506849315,86000000
560,561,0.848305769191,11.7177306489309,104.633124503877,11.6080249739735,104.632020284436,40.3086956722945,39.4603899031035,2013.52326494056,2014.37157070975,86000000
561,200,2.267773552547,11.6080249739735,104.632020284436,11.5108941423881,104.761516770871,42.5764692248415,40.3086956722945,2014.37157070975,2016.63934426229,86000000
561,199,0.8941827149098,11.6080249739735,104.632020284436,11.4235920741325,104.819636170185,41.2028783872043,40.3086956722945,2014.37157070975,2015.26575342466,86000000
562,563,0.6855423531837,11.7687654031494,104.988746047028,11.3423215965239,104.58819983001,31.4295320517641,30.7439896985804,2004.80686473603,2005.49240708922,86000000
562,214,1.521902387254,11.7687654031494,104.988746047028,12.228,105.157,32.2658920858344,30.7439896985804,2004.80686473603,2006.32876712329,86000000
563,204,8.006223047769,11.3423215965239,104.58819983001,11.0996020754833,104.948721243159,39.4357550995331,31.4295320517641,2005.49240708922,2013.49863013699,86000000
563,564,3.890565577647,11.3423215965239,104.58819983001,11.2746429896622,104.643936969186,35.3200976294111,31.4295320517641,2005.49240708922,2009.38297266686,86000000
564,571,1.744258002118,11.2746429896622,104.643936969186,11.2275689133893,104.704894270876,37.0643556315291,35.3200976294111,2009.38297266686,2011.12723066898,86000000
564,565,1.296814941484,11.2746429896622,104.643936969186,11.0229590658797,104.702571491041,36.6169125708951,35.3200976294111,2009.38297266686,2010.67978760835,86000000
565,205,1.372124959957,11.0229590658797,104.702571491041,10.9820283413298,104.670657526029,37.9890375308521,36.6169125708951,2010.67978760835,2012.05191256831,86000000
565,566,1.119377813251,11.0229590658797,104.702571491041,11.0965998555821,104.663136540352,37.7362903841461,36.6169125708951,2010.67978760835,2011.7991654216,86000000
566,567,0.5249707072891,11.0965998555821,104.663136540352,11.1549975568407,104.64146305047,38.2612610914352,37.7362903841461,2011.7991654216,2012.32413612889,86000000
566,211,0.2718728297666,11.0965998555821,104.663136540352,11.1411612344151,104.65252998851,38.0081632139127,37.7362903841461,2011.7991654216,2012.07103825137,86000000
567,568,1.376836802784,11.1549975568407,104.64146305047,11.14887650356,104.59175489959,39.6380978942192,38.2612610914352,2012.32413612889,2013.70097293167,86000000
567,210,0.7169597615224,11.1549975568407,104.64146305047,11.2115805176073,104.585356546709,38.9782208529576,38.2612610914352,2012.32413612889,2013.04109589041,86000000
568,206,0.3976572053133,11.14887650356,104.59175489959,11.2522531559776,104.65141717526,40.0357550995325,39.6380978942192,2013.70097293167,2014.09863013699,86000000
568,569,0.6483192377937,11.14887650356,104.59175489959,11.2293696199598,104.67593221163,40.2864171320129,39.6380978942192,2013.70097293167,2014.34929216947,86000000
569,207,0.09180372094434,11.2293696199598,104.67593221163,11.224429892427,104.705663611629,40.3782208529572,40.2864171320129,2014.34929216947,2014.44109589041,86000000
569,570,0.8943754628798,11.2293696199598,104.67593221163,10.8483971824321,104.548273548916,41.1807925948927,40.2864171320129,2014.34929216947,2015.24366763235,86000000
570,208,1.994688532037,10.8483971824321,104.548273548916,10.7069310596011,104.616848849709,43.1754811269297,41.1807925948927,2015.24366763235,2017.23835616438,86000000
570,209,1.444856957818,10.8483971824321,104.548273548916,10.7606784875076,104.399439660702,42.6256495527107,41.1807925948927,2015.24366763235,2016.68852459016,86000000
571,213,1.506649112438,11.2275689133893,104.704894270876,11.2110790862597,104.788431542415,38.5710047439671,37.0643556315291,2011.12723066898,2012.63387978142,86000000
571,212,5.11047424905,11.2275689133893,104.704894270876,10.8031382259172,104.296393867268,42.1748298805791,37.0643556315291,2011.12723066898,2016.23770491803,86000000
572,215,0.8266169471505,11.7284202090409,104.833233475402,11.815,104.674,27.8850701680268,27.0584532208763,2001.12132825833,2001.94794520548,86000000
572,216,2.582781330712,11.7284202090409,104.833233475402,12.4988581272875,105.126940890212,29.6412345515883,27.0584532208763,2001.12132825833,2003.70410958904,86000000
573,220,2.185411888255,11.5669173052533,104.924741287972,11.564,104.924,30.0300211374105,27.8446092491555,2001.90748428661,2004.09289617486,86000000
573,574,5.768021007422,11.5669173052533,104.924741287972,11.7013171806458,104.676355107053,33.6126302565775,27.8446092491555,2001.90748428661,2007.67550529403,86000000
574,575,1.999281547352,11.7013171806458,104.676355107053,11.6182360488606,104.653406108456,35.6119118039295,33.6126302565775,2007.67550529403,2009.67478684138,86000000
574,219,1.108647711434,11.7013171806458,104.676355107053,11.035,106.012,34.7212779680115,33.6126302565775,2007.67550529403,2008.78415300546,86000000
575,217,7.980007679166,11.6182360488606,104.653406108456,11.473004180944,104.663398178151,43.5919194830955,35.6119118039295,2009.67478684138,2017.65479452055,86000000
575,218,3.292426273372,11.6182360488606,104.653406108456,11.9338412144484,104.723187438708,38.9043380773015,35.6119118039295,2009.67478684138,2012.96721311475,86000000
576,221,3.307599434736,11.0189787557431,104.691308793065,10.7189449718285,104.59809548235,40.1343852365179,36.8267858017819,2010.88966083924,2014.19726027397,86000000
576,222,1.973727138905,11.0189787557431,104.691308793065,11.1539775445892,104.463220577136,38.8005129406869,36.8267858017819,2010.88966083924,2012.86338797814,86000000
577,223,3.260096067666,11.5132234318933,104.857974214649,11.543,104.757,24.3042482502189,21.0441521825529,1995.10702722001,1998.36712328767,86000000
577,578,0.3895280271026,11.5132234318933,104.857974214649,11.3642529510961,104.893231918285,21.4336802096555,21.0441521825529,1995.10702722001,1995.49655524711,86000000
578,579,0.3270884805917,11.3642529510961,104.893231918285,11.3374312619666,104.86423749885,21.7607686902472,21.4336802096555,1995.49655524711,1995.8236437277,86000000
578,224,3.15823927344,11.3642529510961,104.893231918285,11.3515306769654,105.021458649869,24.5919194830955,21.4336802096555,1995.49655524711,1998.65479452055,86000000
579,588,1.766715473816,11.3374312619666,104.86423749885,11.3307640705238,104.875049806438,23.5274841640632,21.7607686902472,1995.8236437277,1997.59035920152,86000000
579,580,0.5821863237326,11.3374312619666,104.86423749885,11.3494071095105,104.822969173201,22.3429550139798,21.7607686902472,1995.8236437277,1996.40583005143,86000000
580,581,1.784120883853,11.3494071095105,104.822969173201,11.4085477719666,104.766806310751,24.1270758978328,22.3429550139798,1996.40583005143,1998.18995093529,86000000
580,225,1.643485017061,11.3494071095105,104.822969173201,11.626,104.908,23.9864400310408,22.3429550139798,1996.40583005143,1998.04931506849,86000000
581,233,2.851144955126,11.4085477719666,104.766806310751,10.577,104.466,26.9782208529588,24.1270758978328,1998.18995093529,2001.04109589041,86000000
581,582,0.8002660154456,11.4085477719666,104.766806310751,11.4371647189914,104.769874653754,24.9273419132784,24.1270758978328,1998.18995093529,1998.99021695073,86000000
582,585,1.006121181182,11.4371647189914,104.769874653754,11.5189151086574,104.86221739091,25.9334630944604,24.9273419132784,1998.99021695073,1999.99633813191,86000000
582,583,1.353276466551,11.4371647189914,104.769874653754,11.457684226772,104.718709255522,26.2806183798294,24.9273419132784,1998.99021695073,2000.34349341728,86000000
583,584,0.958741761128,11.457684226772,104.718709255522,11.3729861370583,105.577868446314,27.2393601409574,26.2806183798294,2000.34349341728,2001.30223517841,86000000
583,226,1.048287404636,11.457684226772,104.718709255522,11.485,104.643,27.3289057844654,26.2806183798294,2000.34349341728,2001.39178082192,86000000
584,227,1.64571002707,11.3729861370583,105.577868446314,11.087,105.683,28.8850701680274,27.2393601409574,2001.30223517841,2002.94794520548,86000000
584,228,0.5388607120013,11.3729861370583,105.577868446314,11.36,105.559,27.7782208529587,27.2393601409574,2001.30223517841,2001.84109589041,86000000
585,586,4.430286285526,11.5189151086574,104.86221739091,11.9276658268939,104.111510523326,30.3637493799864,25.9334630944604,1999.99633813191,2004.42662441744,86000000
585,232,0.1074870046986,11.5189151086574,104.86221739091,11.527,104.892,26.040950099159,25.9334630944604,1999.99633813191,2000.10382513661,86000000
586,587,1.644952531712,11.9276658268939,104.111510523326,12.2915626687118,103.959868596131,32.0087019116984,30.3637493799864,2004.42662441744,2006.07157694915,86000000
586,231,2.482964623656,11.9276658268939,104.111510523326,11.122,103.748,32.8467140036424,30.3637493799864,2004.42662441744,2006.9095890411,86000000
587,229,1.958477695658,12.2915626687118,103.959868596131,12.536,103.921,33.9671796073564,32.0087019116984,2006.07157694915,2008.03005464481,86000000
587,230,1.070888804274,12.2915626687118,103.959868596131,13.603,103.401,33.0795907159724,32.0087019116984,2006.07157694915,2007.14246575343,86000000
588,234,2.089092853279,11.3307640705238,104.875049806438,11.137,104.872,25.6165770173422,23.5274841640632,1997.59035920152,1999.6794520548,86000000
588,589,4.181774998478,11.3307640705238,104.875049806438,11.4524632366067,104.995606923245,27.7092591625412,23.5274841640632,1997.59035920152,2001.77213419999,86000000
589,236,7.326495936993,11.4524632366067,104.995606923245,11.142,104.874,35.0357550995342,27.7092591625412,2001.77213419999,2009.09863013699,86000000
589,235,2.50382208416,11.4524632366067,104.995606923245,11.518,104.909,30.2130812467012,27.7092591625412,2001.77213419999,2004.27595628415,86000000
590,237,7.515209965057,11.3503185782345,104.982438641855,11.495,105.046,24.471371537889,16.956161572832,1991.01903661029,1998.53424657534,86000000
590,238,8.052196266427,11.3503185782345,104.982438641855,11.2555934208415,105.278410891659,25.008357839259,16.956161572832,1991.01903661029,1999.07123287671,86000000
591,592,2.082990279483,11.6897526056937,104.867469621046,11.5041703673413,104.880789471446,20.589608107122,18.506617827639,1992.56949286509,1994.65248314458,86000000
591,239,11.42228795683,11.6897526056937,104.867469621046,11.833,104.718,29.928905784469,18.506617827639,1992.56949286509,2003.99178082192,86000000
592,596,4.998085293654,11.5041703673413,104.880789471446,11.6854479274568,104.782467136899,25.587693400776,20.589608107122,1994.65248314458,1999.65056843823,86000000
592,593,4.35707482325,11.5041703673413,104.880789471446,11.4106681366516,104.829027413791,24.946682930372,20.589608107122,1994.65248314458,1999.00955796783,86000000
593,594,0.535837567784,11.4106681366516,104.829027413791,11.4859058236859,104.834114295422,25.482520498156,24.946682930372,1999.00955796783,1999.54539553561,86000000
593,240,1.575141485727,11.4106681366516,104.829027413791,11.236,104.794,26.521824416099,24.946682930372,1999.00955796783,2000.58469945355,86000000
594,595,0.6406950833619,11.4859058236859,104.834114295422,11.5375952471062,104.906500854267,26.1232155815179,25.482520498156,1999.54539553561,2000.18609061897,86000000
594,241,2.564193505487,11.4859058236859,104.834114295422,11.162,104.88,28.046714003643,25.482520498156,1999.54539553561,2002.1095890411,86000000
595,242,3.268703901577,11.5375952471062,104.906500854267,11.536733639285,104.938515040345,29.3919194830949,26.1232155815179,2000.18609061897,2003.45479452055,86000000
595,243,4.215548725291,11.5375952471062,104.906500854267,11.5757098992676,104.93643754132,30.3387643068089,26.1232155815179,2000.18609061897,2004.40163934426,86000000
596,644,1.921511503291,11.6854479274568,104.782467136899,11.3510804935318,104.602772631174,27.509204904067,25.587693400776,1999.65056843823,2001.57207994152,86000000
596,597,0.5577073071344,11.6854479274568,104.782467136899,11.5822540896966,104.845923373441,26.1454007079104,25.587693400776,1999.65056843823,2000.20827574536,86000000
597,244,6.599943432718,11.5822540896966,104.845923373441,11.547,104.888,32.7453441406284,26.1454007079104,2000.20827574536,2006.80821917808,86000000
597,598,0.5214629179385,11.5822540896966,104.845923373441,11.5215136989687,104.789673552517,26.6668636258489,26.1454007079104,2000.20827574536,2000.7297386633,86000000
598,291,0.6154668161497,11.5215136989687,104.789673552517,11.466,104.718,27.2823304419986,26.6668636258489,2000.7297386633,2001.34520547945,86000000
598,599,3.982948383034,11.5215136989687,104.789673552517,11.7185704385448,104.910371686359,30.6498120088829,26.6668636258489,2000.7297386633,2004.71268704634,86000000
599,609,0.3315289022048,11.7185704385448,104.910371686359,11.648477720757,104.906012589248,30.9813409110877,30.6498120088829,2004.71268704634,2005.04421594854,86000000
599,600,1.603205158955,11.7185704385448,104.910371686359,11.3660948658275,104.9176382762,32.2530171678379,30.6498120088829,2004.71268704634,2006.31589220529,86000000
600,254,1.547121493339,11.3660948658275,104.9176382762,11.002,105.599,33.8001386611769,32.2530171678379,2006.31589220529,2007.86301369863,86000000
600,601,4.088642434128,11.3660948658275,104.9176382762,12.092802437269,104.972356817255,36.3416596019659,32.2530171678379,2006.31589220529,2010.40453463942,86000000
601,602,0.4884697017445,12.092802437269,104.972356817255,11.982090036172,104.955983100641,36.8301293037104,36.3416596019659,2010.40453463942,2010.89300434116,86000000
601,607,1.680363375787,12.092802437269,104.972356817255,12.1974593467592,104.942893518768,38.0220229777529,36.3416596019659,2010.40453463942,2012.08489801521,86000000
602,605,1.428660812117,11.982090036172,104.955983100641,12.1321893748777,105.039160172932,38.2587901158274,36.8301293037104,2010.89300434116,2012.32166515328,86000000
602,603,2.530177166847,11.982090036172,104.955983100641,12.0533510108934,105.099168803974,39.3603064705574,36.8301293037104,2010.89300434116,2013.42318150801,86000000
603,247,1.952160957742,12.0533510108934,105.099168803974,12.0156116059715,105.017767109214,41.3124674282994,39.3603064705574,2013.42318150801,2015.37534246575,86000000
603,604,1.204950173879,12.0533510108934,105.099168803974,12.2604509577377,105.317250936698,40.5652566444364,39.3603064705574,2013.42318150801,2014.62813168189,86000000
604,246,2.719813523589,12.2604509577377,105.317250936698,12.4073056501855,105.089766622185,43.2850701680254,40.5652566444364,2014.62813168189,2017.34794520548,86000000
604,245,3.237621742767,12.2604509577377,105.317250936698,12.1758541159538,105.321044847548,43.8028783872034,40.5652566444364,2014.62813168189,2017.86575342466,86000000
605,250,1.505732106993,12.1321893748777,105.039160172932,12.4884101126768,105.139288612322,39.7645222228204,38.2587901158274,2012.32166515328,2013.82739726027,86000000
605,606,1.455844863574,12.1321893748777,105.039160172932,12.429601966745,105.120457071636,39.7146349794014,38.2587901158274,2012.32166515328,2013.77751001685,86000000
606,248,0.9074214899941,12.429601966745,105.120457071636,12.3627387192812,105.096806760004,40.6220564693955,39.7146349794014,2013.77751001685,2014.68493150685,86000000
606,249,0.08550368177481,12.429601966745,105.120457071636,12.4562918750064,105.114288203131,39.8001386611762,39.7146349794014,2013.77751001685,2013.86301369863,86000000
607,608,2.376043325867,12.1974593467592,104.942893518768,12.8938240870412,105.12249604156,40.3980663036199,38.0220229777529,2012.08489801521,2014.46094134107,86000000
607,251,3.871266368355,12.1974593467592,104.942893518768,12.3735645207112,105.093462295924,41.8932893461079,38.0220229777529,2012.08489801521,2015.95616438356,86000000
608,252,2.334140626139,12.8938240870412,105.12249604156,12.6976754282025,104.906310299888,42.7322069297589,40.3980663036199,2014.46094134107,2016.79508196721,86000000
608,253,2.260370134336,12.8938240870412,105.12249604156,12.815656573305,105.168713915011,42.6584364379559,40.3980663036199,2014.46094134107,2016.72131147541,86000000
609,611,0.4296929616484,11.648477720757,104.906012589248,11.7486255106907,104.935627725222,31.4110338727361,30.9813409110877,2005.04421594854,2005.47390891019,86000000
609,610,1.447257326277,11.648477720757,104.906012589248,11.662637134252,105.007651387998,32.4285982373647,30.9813409110877,2005.04421594854,2006.49147327482,86000000
610,255,1.959346397313,11.662637134252,105.007651387998,11.649,104.962,34.3879446346777,32.4285982373647,2006.49147327482,2008.45081967213,86000000
610,256,4.048252752579,11.662637134252,105.007651387998,11.643,105.159,36.4768509899437,32.4285982373647,2006.49147327482,2010.5397260274,86000000
611,612,1.982817778176,11.7486255106907,104.935627725222,11.7146481898063,105.005193329354,33.3938516509121,31.4110338727361,2005.47390891019,2007.45672668837,86000000
611,257,3.031555570685,11.7486255106907,104.935627725222,11.5763528533159,104.935993650012,34.4425894434211,31.4110338727361,2005.47390891019,2008.50546448087,86000000
612,616,0.4194609284474,11.7146481898063,105.005193329354,11.8389892127981,105.011384124554,33.8133125793595,33.3938516509121,2007.45672668837,2007.87618761681,86000000
612,613,2.379712521205,11.7146481898063,105.005193329354,11.6659633353548,104.988414344611,35.7735641721171,33.3938516509121,2007.45672668837,2009.83643920957,86000000
613,614,2.112791476244,11.6659633353548,104.988414344611,12.1676903981004,105.058965416061,37.8863556483611,35.7735641721171,2009.83643920957,2011.94923068581,86000000
613,261,1.544382708237,11.6659633353548,104.988414344611,11.539,104.824,37.3179468803541,35.7735641721171,2009.83643920957,2011.38082191781,86000000
614,615,2.584115425225,12.1676903981004,105.058965416061,12.0458828053088,105.093732421562,40.4704710735861,37.8863556483611,2011.94923068581,2014.53334611104,86000000
614,258,0.9961245054418,12.1676903981004,105.058965416061,12.1948933132659,105.106931107614,38.8824801538029,37.8863556483611,2011.94923068581,2012.94535519126,86000000
615,260,0.348845669782,12.0458828053088,105.093732421562,12.0537821675092,105.078621803518,40.8193167433681,40.4704710735861,2014.53334611104,2014.88219178082,86000000
615,259,1.063914162933,12.0458828053088,105.093732421562,11.903450545177,105.13509000154,41.5343852365191,40.4704710735861,2014.53334611104,2015.59726027397,86000000
616,617,1.609837777503,11.8389892127981,105.011384124554,11.78308259679,105.081075001902,35.4231503568625,33.8133125793595,2007.87618761681,2009.48602539432,86000000
616,637,0.2234324610007,11.8389892127981,105.011384124554,11.8766597923702,105.037928127922,34.0367450403602,33.8133125793595,2007.87618761681,2008.09962007781,86000000
617,618,0.3814601642256,11.78308259679,105.081075001902,12.0318295729653,104.962796002653,35.8046105210881,35.4231503568625,2009.48602539432,2009.86748555854,86000000
617,635,3.770930404712,11.78308259679,105.081075001902,11.8146666244717,105.050062871069,39.1940807615745,35.4231503568625,2009.48602539432,2013.25695579903,86000000
618,624,1.367681375269,12.0318295729653,104.962796002653,11.9628202545537,104.987285589492,37.1722918963571,35.8046105210881,2009.86748555854,2011.23516693381,86000000
618,619,0.7749184207271,12.0318295729653,104.962796002653,12.0975191131778,105.017847459149,36.5795289418152,35.8046105210881,2009.86748555854,2010.64240397927,86000000
619,262,1.62808782401,12.0975191131778,105.017847459149,12.2408280466422,105.138146188959,38.2076167658252,36.5795289418152,2010.64240397927,2012.27049180328,86000000
619,620,1.942322133757,12.0975191131778,105.017847459149,11.9641108144357,104.916036859807,38.5218510755722,36.5795289418152,2010.64240397927,2012.58472611303,86000000
620,621,1.641086837196,11.9641108144357,104.916036859807,11.8808954203908,104.896729571919,40.1629379127682,38.5218510755722,2012.58472611303,2014.22581295022,86000000
620,622,0.1283185316981,11.9641108144357,104.916036859807,12.0861097818129,104.797250675768,38.6501696072703,38.5218510755722,2012.58472611303,2012.71304464472,86000000
621,264,0.1741870497778,11.8808954203908,104.896729571919,11.8839729266742,104.91670757395,40.337124962546,40.1629379127682,2014.22581295022,2014.4,86000000
621,263,0.768707597723,11.8808954203908,104.896729571919,11.8875356558698,104.915393409163,40.9316455104912,40.1629379127682,2014.22581295022,2014.99452054794,86000000
622,267,1.223941656646,12.0861097818129,104.797250675768,11.7734270211288,104.749645427095,39.8741112639163,38.6501696072703,2012.71304464472,2013.93698630137,86000000
622,623,0.1837079348469,12.0861097818129,104.797250675768,12.1260725692052,104.801291022792,38.8338775421172,38.6501696072703,2012.71304464472,2012.89675257957,86000000
623,265,0.1087268724835,12.1260725692052,104.801291022792,11.715527144667,104.847364491039,38.9426044146007,38.8338775421172,2012.89675257957,2013.00547945205,86000000
623,266,0.2813296122096,12.1260725692052,104.801291022792,11.7416588234192,104.539897734938,39.1152071543268,38.8338775421172,2012.89675257957,2013.17808219178,86000000
624,632,0.8114011519517,11.9628202545537,104.987285589492,11.8289143780751,105.007041361246,37.9836930483088,37.1722918963571,2011.23516693381,2012.04656808576,86000000
624,625,0.4521298549619,11.9628202545537,104.987285589492,12.0670294499315,105.020565439398,37.624421751319,37.1722918963571,2011.23516693381,2011.68729678877,86000000
625,626,1.448766666667,12.0670294499315,105.020565439398,11.8568296615983,104.960281580564,39.073188417986,37.624421751319,2011.68729678877,2013.13606345544,86000000
625,627,1.979639403301,12.0670294499315,105.020565439398,11.9999938583362,105.058067440027,39.60406115462,37.624421751319,2011.68729678877,2013.66693619207,86000000
626,269,0.05845709250447,11.8568296615983,104.960281580564,11.8405306171627,104.980215319973,39.1316455104905,39.073188417986,2013.13606345544,2013.19452054794,86000000
626,268,1.806402297984,11.8568296615983,104.960281580564,11.8831657310695,104.802738039725,40.87959071597,39.073188417986,2013.13606345544,2014.94246575342,86000000
627,629,0.2344722205787,11.9999938583362,105.058067440027,12.0032213450939,105.099978475396,39.8385333751987,39.60406115462,2013.66693619207,2013.90140841265,86000000
627,628,0.6313247964695,11.9999938583362,105.058067440027,12.0694056872228,105.100368984683,40.2353859510895,39.60406115462,2013.66693619207,2014.29826098854,86000000
628,270,0.5072184635115,12.0694056872228,105.100368984683,12.024302869554,105.142141303189,40.742604414601,40.2353859510895,2014.29826098854,2014.80547945205,86000000
628,271,2.464034093424,12.0694056872228,105.100368984683,12.0527612663598,105.160605664678,42.6994200445135,40.2353859510895,2014.29826098854,2016.76229508197,86000000
629,275,0.7917422722787,12.0032213450939,105.099978475396,11.7951864007816,104.978924291398,40.6302756474774,39.8385333751987,2013.90140841265,2014.69315068493,86000000
629,630,0.6638164617154,12.0032213450939,105.099978475396,11.8593851476098,104.892925148652,40.5023498369141,39.8385333751987,2013.90140841265,2014.56522487437,86000000
630,631,0.6188256354507,11.8593851476098,104.892925148652,11.8753878213124,105.046103712406,41.1211754723648,40.5023498369141,2014.56522487437,2015.18405050982,86000000
630,272,0.311487454399,11.8593851476098,104.892925148652,12.0274525979341,104.940246993862,40.8138372913131,40.5023498369141,2014.56522487437,2014.87671232877,86000000
631,273,0.3748535997703,11.8753878213124,105.046103712406,11.8512040247921,105.065783159964,41.4960290721351,41.1211754723648,2015.18405050982,2015.55890410959,86000000
631,274,1.214856594006,11.8753878213124,105.046103712406,11.7458726055807,105.010361600927,42.3360320663708,41.1211754723648,2015.18405050982,2016.39890710382,86000000
632,276,1.679459311497,11.8289143780751,105.007041361246,11.8599923909203,105.016682742276,39.6631523598058,37.9836930483088,2012.04656808576,2013.72602739726,86000000
632,633,0.8093179415542,11.8289143780751,105.007041361246,11.7930265533151,104.981951834891,38.793010989863,37.9836930483088,2012.04656808576,2012.85588602732,86000000
633,634,0.3565015749233,11.7930265533151,104.981951834891,11.8336738950428,104.960276833954,39.1495125647863,38.793010989863,2012.85588602732,2013.21238760224,86000000
633,277,0.2975386302169,11.7930265533151,104.981951834891,11.918097034725,105.006088610277,39.0905496200799,38.793010989863,2012.85588602732,2013.15342465753,86000000
634,278,1.749256233376,11.8336738950428,104.960276833954,11.0013333689738,104.972721452978,40.8987687981623,39.1495125647863,2013.21238760224,2014.96164383562,86000000
634,279,2.173913767622,11.8336738950428,104.960276833954,11.963719768713,105.440148527948,41.3234263324083,39.1495125647863,2013.21238760224,2015.38630136986,86000000
635,282,0.5759209132998,11.8146666244717,105.050062871069,11.8520912664661,105.094309372854,39.7700016748743,39.1940807615745,2013.25695579903,2013.83287671233,86000000
635,636,1.467366522065,11.8146666244717,105.050062871069,11.9192006738124,105.100038477268,40.6614472836395,39.1940807615745,2013.25695579903,2014.72432232109,86000000
636,281,2.437321514522,11.9192006738124,105.100038477268,12.0914088426464,105.051147611017,43.0987687981615,40.6614472836395,2014.72432232109,2017.16164383561,86000000
636,280,0.2044448021934,11.9192006738124,105.100038477268,11.9363315514479,105.092474038394,40.8658920858329,40.6614472836395,2014.72432232109,2014.92876712329,86000000
637,290,2.571612798898,11.8766597923702,105.037928127922,12.407,104.447,36.6083578392582,34.0367450403602,2008.09962007781,2010.67123287671,86000000
637,638,3.839220937277,11.8766597923702,105.037928127922,11.8914294422179,105.007242521427,37.8759659776372,34.0367450403602,2008.09962007781,2011.93884101509,86000000
638,639,0.6836635506663,11.8914294422179,105.007242521427,11.9149731123682,105.027915529465,38.5596295283035,37.8759659776372,2011.93884101509,2012.62250456576,86000000
638,283,0.2414868537613,11.8914294422179,105.007242521427,11.8451614163288,104.990571132793,38.1174528313985,37.8759659776372,2011.93884101509,2012.18032786885,86000000
639,643,0.1946150689158,11.9149731123682,105.027915529465,11.9968526905559,105.067786915927,38.7542445972193,38.5596295283035,2012.62250456576,2012.81711963467,86000000
639,640,0.2261230945923,11.9149731123682,105.027915529465,11.9086240324253,105.058579650895,38.7857526228958,38.5596295283035,2012.62250456576,2012.84862766035,86000000
640,642,0.1051980744124,11.9086240324253,105.058579650895,11.9772615731753,104.902273001352,38.8909506973082,38.7857526228958,2012.84862766035,2012.95382573476,86000000
640,641,3.830039219871,11.9086240324253,105.058579650895,11.9770066738192,105.161269012498,42.6157918427668,38.7857526228958,2012.84862766035,2016.67866688022,86000000
641,284,0.4966755855324,11.9770066738192,105.161269012498,11.9618870568224,105.163328494487,43.1124674282992,42.6157918427668,2016.67866688022,2017.17534246575,86000000
641,285,1.058319421149,11.9770066738192,105.161269012498,11.9614042500879,105.163401230058,43.6741112639158,42.6157918427668,2016.67866688022,2017.73698630137,86000000
642,286,0.3119276898955,11.9772615731753,104.902273001352,11.8823474612279,104.896479652139,39.2028783872037,38.8909506973082,2012.95382573476,2013.26575342466,86000000
642,287,2.698229059759,11.9772615731753,104.902273001352,12.2994854606809,105.669065651994,41.5891797570672,38.8909506973082,2012.95382573476,2015.65205479452,86000000
643,288,2.213017351628,11.9968526905559,105.067786915927,12.2297833246655,105.14392349146,40.9672619488473,38.7542445972193,2012.81711963467,2015.0301369863,86000000
643,289,4.539044748889,11.9968526905559,105.067786915927,11.9908010986638,105.458875924966,43.2932893461083,38.7542445972193,2012.81711963467,2017.35616438356,86000000
644,292,5.830659784508,11.3510804935318,104.602772631174,11.26,105.424,33.339864688575,27.509204904067,2001.57207994152,2007.40273972603,86000000
644,645,0.1456438852044,11.3510804935318,104.602772631174,11.3293928953392,104.607852528612,27.6548487892714,27.509204904067,2001.57207994152,2001.71772382672,86000000
645,294,5.997344666426,11.3293928953392,104.607852528612,11.688,104.789,33.6521934556974,27.6548487892714,2001.71772382672,2007.71506849315,86000000
645,293,7.632961104782,11.3293928953392,104.607852528612,13.615,102.739,35.2878098940534,27.6548487892714,2001.71772382672,2009.35068493151,86000000
646,647,8.544711250267,11.6573843489578,104.946714650142,11.7094644572531,104.950147609636,21.1019493725171,12.5572381222501,1986.6201131597,1995.16482440997,86000000
646,659,9.797634639238,11.6573843489578,104.946714650142,11.4602526784302,104.756523032821,22.3548727614881,12.5572381222501,1986.6201131597,1996.41774779894,86000000
647,648,0.3715437563746,11.7094644572531,104.950147609636,11.650733094852,104.920126946245,21.4734931288917,21.1019493725171,1995.16482440997,1995.53636816634,86000000
647,307,3.547504357154,11.7094644572531,104.950147609636,11.553,104.906,24.6494537296711,21.1019493725171,1995.16482440997,1998.71232876712,86000000
648,650,2.499334153234,11.650733094852,104.920126946245,11.629459184638,104.956040558025,23.9728272821257,21.4734931288917,1995.53636816634,1998.03570231958,86000000
648,649,1.118248026216,11.650733094852,104.920126946245,11.569005321674,104.83535471101,22.5917411551077,21.4734931288917,1995.53636816634,1996.65461619256,86000000
649,295,2.14538380744,11.569005321674,104.83535471101,11.418,105.055,24.7371249625477,22.5917411551077,1996.65461619256,1998.8,86000000
649,296,2.161822163605,11.569005321674,104.83535471101,11.4296740672698,104.692128070104,24.7535633187127,22.5917411551077,1996.65461619256,1998.81643835617,86000000
650,652,2.052431538519,11.629459184638,104.956040558025,11.7472251015375,104.973725138267,26.0252588206447,23.9728272821257,1998.03570231958,2000.0881338581,86000000
650,651,3.953785958915,11.629459184638,104.956040558025,11.1559229618767,105.396289498692,27.9266132410407,23.9728272821257,1998.03570231958,2001.98948827849,86000000
651,298,0.3584569269864,11.1559229618767,105.396289498692,11.163,105.367,28.2850701680271,27.9266132410407,2001.98948827849,2002.34794520548,86000000
651,297,2.387560901835,11.1559229618767,105.396289498692,11.375,105.562,30.3141741428757,27.9266132410407,2001.98948827849,2004.37704918033,86000000
652,657,0.8257517181735,11.7472251015375,104.973725138267,11.7914358494053,105.042867916198,26.8510105388182,26.0252588206447,2000.0881338581,2000.91388557627,86000000
652,653,0.01711728465704,11.7472251015375,104.973725138267,11.7619299948431,104.978356699254,26.0423761053017,26.0252588206447,2000.0881338581,2000.10525114275,86000000
653,656,3.128635251245,11.7619299948431,104.978356699254,11.8524573113653,105.007045322473,29.1710113565467,26.0423761053017,2000.10525114275,2003.233886394,86000000
653,654,0.1290096594557,11.7619299948431,104.978356699254,11.7142710436459,105.027548668867,26.1713857647574,26.0423761053017,2000.10525114275,2000.23426080221,86000000
654,299,7.51368440327,11.7142710436459,105.027548668867,11.138,104.662,33.6850701680274,26.1713857647574,2000.23426080221,2007.74794520548,86000000
654,655,3.582228683052,11.7142710436459,105.027548668867,11.6848578321303,105.000625175108,29.7536144478094,26.1713857647574,2000.23426080221,2003.81648948526,86000000
655,301,1.408168048985,11.6848578321303,105.000625175108,11.559,104.926,31.1617824967944,29.7536144478094,2003.81648948526,2005.22465753425,86000000
655,300,0.7217618808588,11.6848578321303,105.000625175108,11.273,104.213,30.4753763286682,29.7536144478094,2003.81648948526,2004.53825136612,86000000
656,302,2.634606756686,11.8524573113653,105.007045322473,12.292,105.152,31.8056181132327,29.1710113565467,2003.233886394,2005.86849315069,86000000
656,303,0.1359766197001,11.8524573113653,105.007045322473,11.85,105,29.3069879762468,29.1710113565467,2003.233886394,2003.3698630137,86000000
657,658,1.633400952638,11.7914358494053,105.042867916198,11.6635153352209,104.922387801899,28.4844114914562,26.8510105388182,2000.91388557627,2002.54728652891,86000000
657,304,3.003922642908,11.7914358494053,105.042867916198,11.999,105.019,29.8549331817262,26.8510105388182,2000.91388557627,2003.91780821918,86000000
658,305,4.745864156023,11.6635153352209,104.922387801899,10.761,104.399,33.2302756474792,28.4844114914562,2002.54728652891,2007.29315068493,86000000
658,306,2.923946347804,11.6635153352209,104.922387801899,11.53,104.949,31.4083578392602,28.4844114914562,2002.54728652891,2005.47123287671,86000000
659,351,3.179512475032,11.4602526784302,104.756523032821,11.485,104.491,25.5343852365201,22.3548727614881,1996.41774779894,1999.59726027397,86000000
659,660,0.2687838063485,11.4602526784302,104.756523032821,11.4625397804044,104.760800621127,22.6236565678366,22.3548727614881,1996.41774779894,1996.68653160529,86000000
660,661,0.3117902372394,11.4625397804044,104.760800621127,11.4619971933854,104.749026182349,22.935446805076,22.6236565678366,1996.68653160529,1996.99832184253,86000000
660,308,2.234016339917,11.4625397804044,104.760800621127,11.891150293293,104.71163257057,24.8576729077536,22.6236565678366,1996.68653160529,1998.92054794521,86000000
661,700,1.808817796508,11.4619971933854,104.749026182349,11.4443468244719,104.702614623901,24.744264601584,22.935446805076,1996.99832184253,1998.80713963904,86000000
661,662,1.274120570751,11.4619971933854,104.749026182349,11.4610671434209,104.850979636087,24.209567375827,22.935446805076,1996.99832184253,1998.27244241328,86000000
662,663,1.044751016719,11.4610671434209,104.850979636087,11.4512329332975,104.81037026606,25.254318392546,24.209567375827,1998.27244241328,1999.31719343,86000000
662,699,1.290265738459,11.4610671434209,104.850979636087,11.5111770272393,104.942239039192,25.499833114286,24.209567375827,1998.27244241328,1999.56270815174,86000000
663,664,0.7378905792853,11.4512329332975,104.81037026606,11.4724298629306,104.784440180629,25.9922089718313,25.254318392546,1999.31719343,2000.05508400928,86000000
663,693,3.278118438401,11.4512329332975,104.81037026606,11.5509203892201,104.77960264991,28.532436830947,25.254318392546,1999.31719343,2002.5953118684,86000000
664,665,4.130237798523,11.4724298629306,104.784440180629,11.5443636537328,104.771349056278,30.1224467703543,25.9922089718313,2000.05508400928,2004.18532180781,86000000
664,666,1.321140530974,11.4724298629306,104.784440180629,11.2313051024566,104.637480414911,27.3133495028053,25.9922089718313,2000.05508400928,2001.37622454026,86000000
665,309,1.102349425071,11.5443636537328,104.771349056278,11.846,104.728,31.2247961954253,30.1224467703543,2004.18532180781,2005.28767123288,86000000
665,310,5.855774082605,11.5443636537328,104.771349056278,11.53,104.685,35.9782208529593,30.1224467703543,2004.18532180781,2010.04109589041,86000000
666,667,1.666510560292,11.2313051024566,104.637480414911,11.2585896207775,104.75083741007,28.9798600630973,27.3133495028053,2001.37622454026,2003.04273510055,86000000
666,338,1.675830254264,11.2313051024566,104.637480414911,11.159,104.708,28.9891797570693,27.3133495028053,2001.37622454026,2003.05205479452,86000000
667,668,2.497677642724,11.2585896207775,104.75083741007,11.3580047313119,104.796974006761,31.4775377058213,28.9798600630973,2003.04273510055,2005.54041274327,86000000
667,672,0.6363527253216,11.2585896207775,104.75083741007,11.2678488274905,104.701899169451,29.6162127884189,28.9798600630973,2003.04273510055,2003.67908782587,86000000
668,311,4.607532462206,11.3580047313119,104.796974006761,11.982,105.18,36.0850701680273,31.4775377058213,2005.54041274327,2010.14794520548,86000000
668,669,0.2061607856648,11.3580047313119,104.796974006761,11.3321263564892,104.777080121757,31.6836984914861,31.4775377058213,2005.54041274327,2005.74657352894,86000000
669,315,9.121919621747,11.3321263564892,104.777080121757,10.8364212126802,104.530962854915,40.8056181132331,31.6836984914861,2005.74657352894,2014.86849315069,86000000
669,670,5.042664131053,11.3321263564892,104.777080121757,11.4488904378518,104.784264391776,36.7263626225391,31.6836984914861,2005.74657352894,2010.78923765999,86000000
670,312,1.005282887954,11.4488904378518,104.784264391776,11.256,105.406,37.7316455104931,36.7263626225391,2010.78923765999,2011.79452054795,86000000
670,671,0.5580519461691,11.4488904378518,104.784264391776,11.6910601738083,104.536796324726,37.2844145687082,36.7263626225391,2010.78923765999,2011.34728960616,86000000
671,314,0.8822185905613,11.6910601738083,104.536796324726,11.7198843156862,104.524361224011,38.1666331592695,37.2844145687082,2011.34728960616,2012.22950819672,86000000
671,313,3.482847380141,11.6910601738083,104.536796324726,11.7090024066936,104.393574780562,40.7672619488492,37.2844145687082,2011.34728960616,2014.8301369863,86000000
672,673,0.1926816732055,11.2678488274905,104.701899169451,11.2462601703147,104.681926435068,29.8088944616244,29.6162127884189,2003.67908782587,2003.87176949908,86000000
672,316,0.8974149063699,11.2678488274905,104.701899169451,11.569,104.812,30.5136276947888,29.6162127884189,2003.67908782587,2004.57650273224,86000000
673,691,0.473814767083,11.2462601703147,104.681926435068,11.2283643516595,104.694336505725,30.2827092287074,29.8088944616244,2003.87176949908,2004.34558426616,86000000
673,674,2.825666979385,11.2462601703147,104.681926435068,11.281141626592,104.745639212432,32.6345614410094,29.8088944616244,2003.87176949908,2006.69743647846,86000000
674,675,2.120760058831,11.281141626592,104.745639212432,11.1442261242785,104.650640766433,34.7553214998404,32.6345614410094,2006.69743647846,2008.81819653729,86000000
674,334,2.130432373998,11.281141626592,104.745639212432,11.318,104.765,34.7649938150074,32.6345614410094,2006.69743647846,2008.82786885246,86000000
675,676,0.166716410972,11.1442261242785,104.650640766433,11.0866141782029,104.53899844307,34.9220379108124,34.7553214998404,2008.81819653729,2008.98491294827,86000000
675,317,1.562625380516,11.1442261242785,104.650640766433,11.216,104.616,36.3179468803564,34.7553214998404,2008.81819653729,2010.38082191781,86000000
676,677,0.8192704568863,11.0866141782029,104.53899844307,10.9967457100845,104.521962699032,35.7413083676987,34.9220379108124,2008.98491294827,2009.80418340515,86000000
676,688,0.6048363722552,11.0866141782029,104.53899844307,10.8831636446365,104.507856705055,35.5268742830676,34.9220379108124,2008.98491294827,2009.58974932052,86000000
677,678,1.282236058668,10.9967457100845,104.521962699032,10.8919655007077,104.491117958462,37.0235444263667,35.7413083676987,2009.80418340515,2011.08641946382,86000000
677,682,0.3541566816349,10.9967457100845,104.521962699032,10.9883483342587,104.555540460535,36.0954650493336,35.7413083676987,2009.80418340515,2010.15834008679,86000000
678,679,0.5979606043,10.8919655007077,104.491117958462,11.0522856891815,104.855665139789,37.6215050306667,37.0235444263667,2011.08641946382,2011.68438006812,86000000
678,318,1.681340099022,10.8919655007077,104.491117958462,10.8968383406649,104.483149437217,38.7048845253887,37.0235444263667,2011.08641946382,2012.76775956284,86000000
679,322,1.630688425031,11.0522856891815,104.855665139789,11.5373812677231,104.897387450438,39.2521934556977,37.6215050306667,2011.68438006812,2013.31506849315,86000000
679,680,1.271089522338,11.0522856891815,104.855665139789,11.0694190455604,104.92080215207,38.8925945530047,37.6215050306667,2011.68438006812,2012.95546959046,86000000
680,319,4.80617424516,11.0694190455604,104.92080215207,11.5591648199252,104.91750189559,43.6987687981647,38.8925945530047,2012.95546959046,2017.76164383562,86000000
680,681,1.906074874029,11.0694190455604,104.92080215207,10.6628257231866,104.799710889257,40.7986694270337,38.8925945530047,2012.95546959046,2014.86154446449,86000000
681,321,0.3603733437329,10.6628257231866,104.799710889257,10.5880442688086,104.785169005049,41.1590427707666,40.7986694270337,2014.86154446449,2015.22191780822,86000000
681,320,2.220647316336,10.6628257231866,104.799710889257,10.6226717146121,104.756648192787,43.0193167433697,40.7986694270337,2014.86154446449,2017.08219178082,86000000
682,683,0.459486757555,10.9883483342587,104.555540460535,10.9867941377878,104.554200181016,36.5549518068886,36.0954650493336,2010.15834008679,2010.61782684434,86000000
682,686,1.32729822172,10.9883483342587,104.555540460535,11.2786814780868,104.52821046677,37.4227632710536,36.0954650493336,2010.15834008679,2011.48563830851,86000000
683,323,0.8671046625085,10.9867941377878,104.554200181016,12.267,105.126,37.4220564693971,36.5549518068886,2010.61782684434,2011.48493150685,86000000
683,684,0.6469123504297,10.9867941377878,104.554200181016,11.0351212577408,104.51472941364,37.2018641573183,36.5549518068886,2010.61782684434,2011.26473919477,86000000
684,326,1.732528564792,11.0351212577408,104.51472941364,11.0155476656755,104.458291840759,38.9343927221103,37.2018641573183,2011.26473919477,2012.99726775956,86000000
684,685,2.61430732824,11.0351212577408,104.51472941364,11.1131973641357,104.570852661952,39.8161714855583,37.2018641573183,2011.26473919477,2013.87904652301,86000000
685,324,2.377784078082,11.1131973641357,104.570852661952,11.1318695335634,104.524333113773,42.1939555636403,39.8161714855583,2013.87904652301,2016.25683060109,86000000
685,325,2.063419230414,11.1131973641357,104.570852661952,10.794987329078,104.393343704169,41.8795907159723,39.8161714855583,2013.87904652301,2015.94246575343,86000000
686,687,0.1763546816935,11.2786814780868,104.52821046677,11.2868151543491,105.02801758835,37.5991179527471,37.4227632710536,2011.48563830851,2011.6619929902,86000000
686,329,5.804772650398,11.2786814780868,104.52821046677,11.8730042567919,104.626757723682,43.2275359214516,37.4227632710536,2011.48563830851,2017.2904109589,86000000
687,327,0.9937447147185,11.2868151543491,105.02801758835,11.1335569043055,105.016850685696,38.5928626674656,37.5991179527471,2011.6619929902,2012.65573770492,86000000
687,328,4.947296627287,11.2868151543491,105.02801758835,11.0398642525816,105.064177002858,42.5464145800341,37.5991179527471,2011.6619929902,2016.60928961749,86000000
688,689,1.239208087629,10.8831636446365,104.507856705055,10.9192784633825,104.417232375719,36.7660823706966,35.5268742830676,2009.58974932052,2010.82895740815,86000000
688,330,2.508611335218,10.8831636446365,104.507856705055,10.6757682430587,104.454322062962,38.0354856182856,35.5268742830676,2009.58974932052,2012.09836065574,86000000
689,333,2.283371358975,10.9192784633825,104.417232375719,10.8978656609911,104.439866649802,39.0494537296716,36.7660823706966,2010.82895740815,2013.11232876712,86000000
689,690,0.2418796832417,10.9192784633825,104.417232375719,10.9004591302299,104.39879635254,37.0079620539383,36.7660823706966,2010.82895740815,2011.07083709139,86000000
690,331,1.257031761069,10.9004591302299,104.39879635254,10.780700733987,104.389951491608,38.2649938150073,37.0079620539383,2011.07083709139,2012.32786885246,86000000
690,332,0.5291629086095,10.9004591302299,104.39879635254,12.277,106.027,37.5371249625478,37.0079620539383,2011.07083709139,2011.6,86000000
691,692,3.721368545215,11.2283643516595,104.694336505725,11.462413265899,104.817768373042,34.0040777739224,30.2827092287074,2004.34558426616,2008.06695281138,86000000
691,337,5.9503061448,11.2283643516595,104.694336505725,10.753,104.663,36.2330153735074,30.2827092287074,2004.34558426616,2010.29589041096,86000000
692,335,0.1243040192266,11.462413265899,104.817768373042,11.103,103.922,34.128381793149,34.0040777739224,2008.06695281138,2008.1912568306,86000000
692,336,0.4740307951828,11.462413265899,104.817768373042,11.644,104.714,34.4781085691052,34.0040777739224,2008.06695281138,2008.54098360656,86000000
693,694,8.655816300413,11.5509203892201,104.77960264991,11.2660326416268,104.465451158668,37.18825313136,28.532436830947,2002.5953118684,2011.25112816881,86000000
693,339,5.811791956738,11.5509203892201,104.77960264991,13.341,103.865,34.344228787685,28.532436830947,2002.5953118684,2008.40710382514,86000000
694,695,3.236100937353,11.2660326416268,104.465451158668,11.3862075454919,104.754010334345,40.424354068713,37.18825313136,2011.25112816881,2014.48722910617,86000000
694,696,1.405481430986,11.2660326416268,104.465451158668,11.419717253918,104.490087124049,38.593734562346,37.18825313136,2011.25112816881,2012.6566095998,86000000
695,340,2.542907880137,11.3862075454919,104.754010334345,11.5154881051519,104.840604879767,42.96726194885,40.424354068713,2014.48722910617,2017.0301369863,86000000
695,341,3.156606510274,11.3862075454919,104.754010334345,11.749960208524,104.424963703635,43.580960578987,40.424354068713,2014.48722910617,2017.64383561644,86000000
696,698,0.4104267441357,11.419717253918,104.490087124049,11.2252165486404,104.623651701985,39.0041613064817,38.593734562346,2012.6566095998,2013.06703634393,86000000
696,697,2.417069385962,11.419717253918,104.490087124049,11.6719340805825,104.756690513636,41.010803948308,38.593734562346,2012.6566095998,2015.07367898576,86000000
697,343,2.619471699171,11.6719340805825,104.756690513636,11.8071225327126,104.770663800872,43.630275647479,41.010803948308,2015.07367898576,2017.69315068493,86000000
697,342,0.8057730690345,11.6719340805825,104.756690513636,11.9360393720512,104.763530269248,41.8165770173425,41.010803948308,2015.07367898576,2015.8794520548,86000000
698,344,2.280908861546,11.2252165486404,104.623651701985,11.4488612706622,104.594778218128,41.2850701680277,39.0041613064817,2013.06703634393,2015.34794520548,86000000
698,345,3.648810650602,11.2252165486404,104.623651701985,11.2124253644496,104.51026010853,42.6529719570837,39.0041613064817,2013.06703634393,2016.71584699454,86000000
699,346,4.565707148809,11.5111770272393,104.942239039192,11.855,105.113,30.065540263095,25.499833114286,1999.56270815174,2004.12841530055,86000000
699,347,4.409894587988,11.5111770272393,104.942239039192,13.939,103.058,29.909727702274,25.499833114286,1999.56270815174,2003.97260273973,86000000
700,701,5.626822285122,11.4443468244719,104.702614623901,11.1381667308469,104.80687066205,30.371086886706,24.744264601584,1998.80713963904,2004.43396192416,86000000
700,350,0.009298717128296,11.4443468244719,104.702614623901,11.429802805449,104.691804867122,24.7535633187123,24.744264601584,1998.80713963904,1998.81643835617,86000000
701,348,1.88384629502,11.1381667308469,104.80687066205,11.299,104.957,32.254933181726,30.371086886706,2004.43396192416,2006.31780821918,86000000
701,349,1.864668212828,11.1381667308469,104.80687066205,11.159,104.873,32.235755099534,30.371086886706,2004.43396192416,2006.29863013699,86000000
