Scripts_&_data/Environmental_rasters/Annual_mean_temperature_RABV_CA_04.asc
NCOLS 192 
NROWS 168 
XLLCORNER 101 
YLLCORNER 9 
CELLSIZE 0.0416666666666667 
NODATA_value -9999 
[rows 22 to 43 of 168, columns 96 to 143 of 192]
27.0039999485016 26.9903330802917 26.9764999548594 27.0234999656677 27.0011664231618 26.9678335189819 26.9355002244314 26.8255000114441 26.565333366394 26.4121665159861 26.5519999663035 26.6338334083557 26.4620000521342 26.6485001246134 27.0620003541311 27.21533314387 27.283333381017 27.3388332525889 27.2684996922811 26.9408333301544 26.9584999879201 26.908333381017 26.415166536967 25.752666870753 25.0026666323344 24.324999888738 23.780166665713 23.3523333867391 22.1103333632151 20.4888332287471 20.9351666371028 21.3868333101273 21.3518333832423 21.6238331397374 21.9898332754771 22.4346665541331 22.7225001653035 22.779000043869 22.8489999771118 22.4013333717982 21.9290000200272 22.0121666987737 22.2289999723434 22.8710000912348 26.2565002441406 26.9513335227966 25.6014999548594 23.9061666727066
26.9969999790192 27.0056664148966 26.9915000597636 27.0346666971842 27.0143333276113 26.9868332544963 26.9670004049937 26.8403329849243 26.5665001074473 26.483333269755 26.695499976476 26.7035001118978 26.2238334019979 26.3496667544047 26.4086667696635 26.8314999739329 27.1269997755686 26.9581666787465 26.7084999084473 24.8465000788371 25.4853333632151 26.5776669979095 26.4766667683919 25.9928332964579 25.6718332767487 25.4670001665751 25.1999998092651 24.8170001506805 23.4783333142598 21.1643334229787 21.8251667022705 22.2271667321523 22.1768333117167 22.0131667852402 22.1688331365585 22.6885000864665 23.0406667391459 22.6929999987284 22.7296665112178 22.4066667954127 21.8863333463669 21.7699999014537 22.131166934967 22.3343332211177 25.9960001309713 27.4944999217987 26.5649999777476 24.5671666463216
26.9731668631236 27.0150000254313 27.0286664962769 27.0228332678477 27.0286668141683 27.0033333301544 26.9648331006368 26.850666364034 26.6125000317891 26.5369998613993 26.7600000699361 26.623500029246 26.0933332443237 25.7659997940063 24.8224998315175 26.0610001087189 27.0005000432332 27.0258334477743 26.4986666043599 26.0964998404185 25.1914999485016 26.6153330802917 26.7693332036336 26.3021667003632 25.8274999459585 25.579333225886 25.265833457311 25.0118332703908 23.9573334058126 21.9270000060399 22.686333378156 23.1851665973663 23.5591667493184 23.3949997822444 22.5821665922801 23.7516665061315 23.2161668141683 22.7951665321986 22.7528335650762 22.5345000425975 22.2608333031336 21.8323334058126 22.0606667995453 22.3364998499552 26.1096669832865 27.6321664651235 27.5088331699371 26.5456666151683
26.9533332188924 27.0146667957306 27.0251668294271 27.029999812444 27.0316666762034 26.996000289917 26.9758330980937 26.9308331807454 26.6976667245229 26.529666741689 26.6491668224335 26.6855001449585 26.1854999860128 25.8016665776571 26.2813334465027 26.5310002962748 26.7413331667582 26.679500023524 24.8244998455048 24.5110001564026 25.4591665267944 26.7553332646688 26.9456666310628 26.5218335787455 25.9346667130788 25.672000169754 25.4601666927338 25.2305001417796 23.8833334445953 23.621666431427 24.5093332131704 24.4524999459585 24.4214999675751 24.4255002339681 24.2726666927338 24.5553334554036 22.6013333400091 22.5998333295186 22.6233335336049 22.49083340168 22.4250001907349 21.704333504041 21.6574999888738 23.3429999748866 26.3685000737508 27.6654998461405 27.7354999383291 27.6296667257945
26.9518335660299 26.9818332990011 26.9668331940969 26.9805001417796 26.9686665534973 26.9586662451426 26.9701662858327 26.9773333867391 26.8826665878296 26.6914999485016 26.7356666723887 26.6841665903727 26.0561666488647 25.3610000610352 26.5428331693013 27.0039998690287 27.117166519165 26.5920000076294 24.1453332901001 23.5839999516805 26.862166484197 27.0299999713898 27.1088331540426 26.5698333581289 26.0671667257945 25.8613335291545 25.7141668001811 25.4464999039968 25.2053334712982 25.1290003458659 24.9841667811076 25.023499806722 25.0679999987284 25.0586666266123 25.0360000133514 23.9535001118978 22.3729998270671 22.5251667102178 22.5078331629435 22.5820000171661 22.37600004673 22.121000011762 22.7400000095367 25.7560000419617 27.3239999612172 27.9346663951874 27.8691665331523 27.8138332366943
26.9246667226156 26.9158333142598 26.8788332144419 26.9531666437785 26.9628330866496 26.9563331604004 26.96399974823 27.0046662489573 26.9990001519521 26.8388334115346 26.7980001767476 26.6709997653961 26.0841666062673 25.8663331667582 26.7038334210714 27.1428329944611 27.2379998366038 26.7116664250692 24.3728334108988 25.9758333365122 27.2506667772929 27.1828333536784 27.0968333085378 26.6621667544047 26.2838335037231 26.0418331623077 25.9220000108083 25.8099999427795 25.5803331534068 25.3873333930969 25.3308332761129 25.3806666533152 25.5448334217072 25.50949994723 25.3308334350586 23.87566669782 22.2245000203451 22.3024999698003 22.3768332401911 22.3901665608088 22.3319998979568 24.0581667025884 26.4416665236155 27.3239998817444 27.712833404541 27.8425000508626 27.8216667970022 27.8500001430511
26.8986667792002 26.8646667003632 26.8676666418711 26.9271667003632 26.9456666310628 26.9393331209819 26.9308331807454 26.9969998200734 27.000999768575 26.9031665325165 26.8498332500458 26.6258331934611 26.0266668001811 25.4808333714803 26.7329998811086 27.0911666552226 27.2461667855581 27.1718332767487 27.0665000279744 27.3086665471395 27.3338332176208 27.0759998162587 26.9484997590383 26.8524997234344 26.3035000960032 26.1473331451416 26.1489999294281 26.125833272934 25.8751665751139 25.6013333797455 25.4401666323344 25.5221668084462 25.8610000610352 25.882999976476 25.5480000972748 24.0126665433248 22.1156667073568 22.1581666469574 22.0250001351039 22.2309999068578 22.2050000429153 24.7129999796549 27.0378334522247 27.9321668148041 28.024166504542 27.9065000216166 27.8988331953685 27.9238333702087
26.8440000216166 26.825333515803 26.858499844869 26.9151666164398 26.9418332576752 26.913666566213 26.9101666609446 26.9519999821981 26.9548335870107 26.9066665967305 26.832833369573 26.5639998912811 26.1493332386017 26.4493331114451 26.7658332983653 27.1238332589467 27.2628330389659 27.3380001386007 27.4004999796549 27.4466663996379 27.3851665655772 27.202166557312 26.8898332913717 26.7986664772034 26.199333190918 26.3844997882843 26.5306664307912 26.3891666730245 26.087499777476 25.8246666590373 25.7079997857412 25.7965000470479 26.0203332901001 26.1328333218892 25.8539998531342 24.5366665522257 23.9326666990916 23.6826666990916 22.6149998903275 24.0200000603994 24.3578334649404 26.4310002326965 27.4243334929148 28.0073335170746 28.0176666577657 27.9769999186198 27.9591663678487 27.8948332468669
26.7909998893738 26.8181665738424 26.8193333148956 26.8958332538605 26.9378332297007 26.9168333212535 26.8890000184377 26.9119998613993 26.8646666208903 26.8706665039062 26.811666727066 26.479666630427 25.8361667792002 26.3325002193451 26.8568331400553 27.0641665458679 27.224666595459 27.3709999720256 27.4321667353312 27.3733331362406 27.3928333123525 27.2836664517721 26.7673332691193 26.3584999243418 25.9420000712077 26.170999844869 26.6753332614899 26.5864998499552 26.3295000394185 26.0783332188924 25.9688334465027 25.9683334032695 26.1166667938232 26.3186666170756 26.3986665407817 26.5484999020894 26.6245000362396 25.6558332443237 23.9203333059947 26.407833258311 26.9269998868306 27.1411670049032 27.4246664047241 27.8166667620341 27.8753331502279 27.7814998626709 27.4176666736603 26.9814999103546
26.8526668548584 26.8568333784739 26.8209999402364 26.8564999898275 26.9156666596731 26.8823334376017 26.8423337936401 26.8488334814707 26.8238331476847 26.8003332614899 26.6549998919169 26.2538332939148 25.768833398819 26.5238333543142 26.8966666857402 27.0763332049052 27.2368330160777 27.3653332392375 27.4078333377838 27.3943334420522 27.3176667690277 27.1171666781108 26.2825000286102 25.7356664339701 25.5671667257945 25.8415002822876 26.182333389918 26.2344997723897 26.2316667238871 26.1326667467753 26.1675000190735 26.2215002377828 26.4004996617635 26.5343333880107 26.7121667861938 27.0539999802907 27.1848333676656 26.7924997806549 26.5248331228892 27.0401667753855 27.2099998792013 27.0520000457764 26.6049999396006 26.9686670303345 27.002833366394 26.6343335310618 25.462166706721 24.7558332284292
26.88449994723 26.8903334140778 26.800666809082 26.8411665757497 26.8805000782013 26.8563335736593 26.797499815623 26.7746666272481 26.7628332773844 26.6254998048147 26.3551667531331 25.9418331782023 25.6051665147146 26.3385001818339 26.8224999109904 27.1169997851054 27.2531665960948 27.3324998219808 27.4229997793833 27.3954997857412 27.1679999828339 26.8746664524078 25.5811665852865 24.6894998550415 25.3444999059041 25.7360000610352 25.8003332614899 25.9333334763845 26.0133334000905 26.0794999599457 26.4156667391459 26.6298333803813 26.7718332608541 26.9509998957316 27.2875001430511 27.4428334236145 27.0745000044505 26.9651665687561 27.0853332678477 26.9929996331533 26.8508333365122 26.7488331794739 25.9536666870117 26.1856667200724 25.7433332602183 25.1126665274302 23.9325000842412 23.3016664584478
26.8299998442332 26.8099997838338 26.8068333466848 26.8198331197103 26.8399998346965 26.779666741689 26.723833322525 26.6766665776571 26.5800000826518 26.286833524704 26.0588332017263 25.8904999891917 25.4174998601278 26.2639999389648 26.742000023524 27.0861663023631 27.2229998906453 27.2963330745697 27.4029999574025 27.3481667836507 27.1098333994548 26.7111666202545 25.4971665541331 24.5675000349681 25.2896667321523 25.5435000260671 25.6781667073568 25.680999994278 25.892166852951 26.0079998970032 26.5830001036326 27.0825001398722 27.092333316803 27.3323334058126 27.6246665318807 27.5159997145335 27.0203331311544 26.8714999357859 26.7996665636698 26.5628333091736 26.1265000502268 26.1849998633067 25.460999806722 25.2029999097188 24.68683330218 24.1461668411891 23.4358333746592 23.1751668453217
26.7275000413259 26.7768329779307 26.7836666107178 26.7820001443227 26.7756666342417 26.7071669896444 26.5315000216166 26.3046664396922 26.2073330879211 26.0161666075389 25.9301665623983 25.4238334496816 25.425333182017 26.2668334643046 26.8228334585826 27.1153330008189 27.2056664625804 27.2961666584015 27.3693333466848 27.380166610082 27.2013334433238 26.6490000883738 25.1661667029063 24.8923333485921 25.5093331336975 25.346999724706 25.5043332576752 25.5581669012705 25.7461663087209 25.9589999516805 26.5106666088104 27.0276667277018 27.0256667931875 27.2483334541321 27.3045001824697 27.0694999694824 26.8993332386017 26.5078331629435 26.1370000044505 25.4871666431427 25.5093334515889 25.3023332754771 24.9363333384196 24.4463333288829 24.4213333129883 23.9461666345596 23.4665000836054 23.7183334430059
26.6266669432322 26.6783334414164 26.7430002689362 26.7518332004547 26.7285001277924 26.5748333136241 26.0823333263397 25.4645000298818 25.5766667524974 25.7953333854675 25.8359999656677 25.4169998168945 25.9763332207998 26.3705001672109 26.8183336257935 27.0723331769307 27.1529999574025 27.230832974116 27.2826667626699 27.3043331305186 27.1256664594014 26.7346664269765 25.2233335971832 24.9286668300629 25.23100010554 25.3313331604004 25.5186665852865 25.6621668338776 25.6964997450511 25.7598334153493 26.2266665299733 26.8516667683919 26.922166744868 27.13516664505 26.8900001049042 26.7984998226166 26.7321666876475 25.7256666819255 25.1951667467753 25.0755000114441 25.0016667048136 24.8568332195282 24.9754998683929 24.2095001538595 23.9523332913717 24.1030001242956 23.4593333800634 23.372499982516
26.5821665128072 26.661499897639 26.7049999237061 26.7076669534047 26.6516667207082 26.3573336601257 25.4426668485006 24.7530000209808 25.0703334013621 25.4561665058136 25.5790000756582 25.8056665261586 26.3206664721171 26.5348331133525 26.816999912262 27.0096664428711 27.0931665897369 27.1326667467753 27.2143331368764 27.2546664873759 27.1071666081746 26.9298334121704 25.1086667378743 24.7091666062673 25.143833398819 25.3084999720256 25.6326665083567 25.7408333619436 25.7921667098999 25.7340000470479 25.8448332945506 26.7396665414174 26.9094998836517 26.9946667353312 26.7115001678467 26.4646666844686 26.2119999726613 25.5325001080831 24.9260001977285 24.7553333441416 24.8364999294281 24.8468331495921 24.3836666742961 24.657833258311 24.4201667308807 24.0110000371933 23.3748332262039 22.1793334086736
25.9589996337891 26.2758332888285 26.5164999167124 26.6136667728424 26.4819999535878 26.1631666024526 25.3730001449585 24.8823334376017 25.0734999974569 25.3476665814718 25.5709997018178 26.2491664886475 26.4323333104451 26.44699994723 26.5793334643046 26.8911666870117 27.0548332532247 27.081166823705 27.1534997622172 27.2413334051768 27.1938332716624 27.0253333250682 25.7891666094462 24.5291665395101 25.2858332792918 25.5670001506805 25.7404999732971 25.7718331019084 25.9850002129873 26.0054999192556 25.9459999402364 26.429500023524 26.5956668059031 26.5766668319702 26.3376668294271 25.9239998658498 25.5538333257039 25.3345001538595 25.2586665153503 24.8111668427785 24.4909998575846 24.1765000025431 24.1241665681203 24.6381665070852 24.4441667397817 23.8941666682561 23.5630000829697 23.4875000317891
24.8936666647593 24.9938333829244 25.6825002034505 25.9461664358775 26.0288333892822 25.8046667575836 25.2370001475016 25.0421667893728 25.1449999809265 25.8233332633972 26.226166566213 26.4321668148041 26.5279998779297 26.4118333657583 26.3679998715719 26.5638333161672 26.917000134786 27.0679999987284 27.1483332316081 27.2413332462311 27.2526667118073 27.0419999758403 26.4801666736603 25.0588334401449 25.2341667016347 25.8835000197093 26.0225002765656 26.0545001029968 26.2091666062673 26.4058332443237 26.4148333867391 26.4948333104451 26.4559999306997 26.4041664600372 26.1298331419627 25.5401666164398 25.2263334592183 25.0276668866475 25.0335000356038 25.0976667404175 24.5143333276113 23.4830000400543 23.293333252271 23.8836665948232 23.9503332773844 23.7313333749771 22.097666700681 22.5241668224335
24.5591668287913 24.7414999802907 24.8433334032695 24.6746666431427 25.0506664117177 25.3041668732961 25.440499941508 25.9564998149872 26.1658333937327 26.2394998868306 26.4388333161672 26.5980001290639 26.5550001462301 26.3848330974579 26.3436668713888 26.5478332042694 26.9049997329712 27.1118330955505 27.2081666787465 27.247000058492 27.1941667397817 26.9956668217977 26.866499821345 26.1246666113536 25.3863332271576 25.9531666437785 26.2283334732056 26.4028333822886 26.4681665102641 26.6754999955495 26.7350002129873 26.6581664880117 26.4751667181651 26.3718334833781 26.117666721344 25.5714999834696 25.1553334395091 24.9374998410543 24.7351667881012 24.7493333816528 24.4724998474121 23.5251665512721 21.6538333495458 22.4654999574025 23.4224998950958 23.7216665347417 23.3856666088104 21.7411666711171
24.1904998620351 24.9049998919169 24.3378332455953 24.4490001996358 25.4503332773844 26.0794998804728 26.2313333352407 26.2526665528615 26.2580002148946 26.3236668109894 26.5056667327881 26.6428333918254 26.465166648229 26.3469999631246 26.3598333994548 26.4514997800191 26.7318333784739 27.0080001354218 27.1429998874664 27.2326668898265 27.1151668230693 26.8791666030884 27.0403332710266 26.5171667734782 26.0461664994558 26.2198335329692 26.4998333454132 26.739666779836 26.8426667054494 27.1113333702087 27.0535000960032 26.7843333880107 26.6665000120799 26.4826664924622 26.2643333276113 25.6474999586741 25.2481667200724 25.0653335253398 24.8255000114441 24.600333293279 24.2831667264303 23.6668335199356 22.3188334306081 22.9215000470479 23.5958331823349 24.057333668073 23.3396666844686 22.7726668119431
24.8566664854685 24.6316666603088 24.4864999453227 24.6288333733877 26.3086667855581 26.2538333733877 26.2658333778381 26.3796667257945 26.4211666584015 26.4156668186188 26.5160003503164 26.5750002066294 26.4161667823792 26.3394999504089 26.3608334064484 26.3855001926422 26.6398332913717 26.9991664886475 27.199333190918 27.2394999663035 27.0571669737498 27.045500199 27.2873334089915 27.0549999078115 26.8663333257039 26.6888332366943 26.8268335660299 27.0763332049052 27.167666832606 27.2601668039958 27.2061666647593 26.9471666018168 26.7303334077199 26.6056666374207 26.4434998830159 25.9810000260671 25.6301668485006 25.4349997838338 24.6083334287008 24.6248335043589 24.6153330802917 23.9911664326986 23.4956666231155 24.274666706721 24.7038331031799 24.8645002047221 24.3636666138967 23.7576667865117
26.1901667912801 24.6765000025431 24.4241669972738 25.5601666768392 26.4971667130788 26.3361667792002 26.364000082016 26.5213335355123 26.5918332735697 26.5040004253387 26.4883336226145 26.4686669508616 26.3863331476847 26.372166633606 26.4129997889201 26.4128333727519 26.5208335717519 26.9093333085378 27.2053329944611 27.2634999752045 27.146999835968 27.1844998995463 27.2934999465942 26.9698333740234 26.9700001080831 26.8334999084473 27.0343333880107 27.2185000578562 27.2975000540415 27.3519999186198 27.3925000031789 27.1906666755676 26.8101669947306 26.6554998556773 26.607833147049 26.4371666908264 26.0708333651225 25.6379997730255 25.4761664867401 24.9900000095367 25.2724998792013 25.0208332538605 24.816166639328 25.0415000120799 24.9391666253408 24.3278334140778 23.7746666669846 23.4706665674845
27.0269999504089 26.7314999103546 26.6229999860128 26.7476667563121 26.7135000228882 26.5705000559489 26.4631667931875 26.5201664765676 26.5811666647593 26.4788333574931 26.4486666520437 26.4258333047231 26.414833466212 26.4363334178925 26.4473331769307 26.4345001379649 26.6481665770213 27.0581665833791 27.1988332271576 27.1160000960032 27.0859999656677 27.2126668294271 27.2670001188914 26.927499850591 26.6983332633972 26.8224999904633 27.0693331559499 27.2224997679393 27.3321669101715 27.4511665503184 27.5069998900096 27.4839999675751 27.2706665992737 26.9726668198903 26.7929999828339 26.6744999885559 26.4448333581289 25.9398335615794 25.5828332106272 25.5828334490458 25.484666744868 25.2290000915527 25.1824998060862 25.5133333206177 25.1133329868317 24.8193331559499 24.3556665579478 24.397500038147
