Scripts_&_data/Environmental_rasters/Annual_mean_temperature_RABV_CA_04.asc
NCOLS 192 
NROWS 168 
XLLCORNER 101 
YLLCORNER 9 
CELLSIZE 0.0416666666666667 
NODATA_value -9999 
[rows 0 to 21 of 168, columns 144 to 191 of 192]
21.0650000969569 22.0970003207525 21.5913333098094 20.2486666838328 19.8766667048136 20.0351667404175 19.4733335177104 21.5681666533152 20.171333193779 20.5046665668488 20.9511668284734 21.9223335981369 22.146666487058 21.5989999373754 21.9678333600362 21.7575001319249 21.6363333861033 22.8838332891464 23.8115000327428 23.9514999389648 23.4593332211177 23.931333343188 23.7466667493184 22.1868333419164 23.6986666917801 25.4474999109904 25.7933334509532 25.9738330841064 26.0853334267934 26.1456665992737 26.1609649658203 -9999 -9999 -9999 26.2458333969116 25.0750000476837 25.0847221215566 -9999 -9999 -9999 -9999 -9999 -9999 -9999 -9999 -9999 -9999 -9999
21.0038330952326 21.3928333520889 20.2975000540415 20.066999912262 20.0324997901917 18.6611665487289 18.6746667226156 20.7494999567668 20.0671665668488 20.5221666097641 21.3349999586741 22.3691666523616 22.4433332681656 22.7778332630793 22.7584999402364 22.7111666997274 22.6648332277934 23.4583332538605 23.8068333864212 23.7263332605362 21.9013334115346 22.9874999523163 22.3588335116704 22.6029999256134 22.7815001408259 24.7921667098999 25.2963330745697 26.0255001386007 26.0773332913717 26.1153336366018 26.2286666234334 26.2083332538605 -9999 -9999 -9999 25.4624999364217 24.8679167429606 -9999 -9999 -9999 -9999 -9999 -9999 -9999 -9999 -9999 -9999 -9999
21.9773333470027 21.4748333295186 19.1464999914169 19.2365001042684 19.4231665929159 19.1576668024063 20.1570001045863 20.0139999787013 18.320499976476 19.0960000356038 21.14233314991 22.3006666501363 22.581000049909 21.8626666069031 20.8939999341965 22.9901666641235 22.1873334248861 22.6426666975021 23.3403332630793 24.4276666641235 24.269500096639 24.2603332996368 22.9526668787003 22.633166829745 23.538666566213 25.072500149409 25.793833176295 26.0204997857412 26.0361665089925 26.0298331578573 26.1610001722972 26.2984999020894 26.1696759859721 26.0472222963969 -9999 -9999 -9999 -9999 -9999 -9999 -9999 -9999 -9999 -9999 -9999 -9999 -9999 -9999
21.4711667696635 22.3250000079473 21.5505001544952 21.1365000406901 19.0581667025884 18.786833246549 19.2086665630341 19.6678332090378 19.8776666720708 20.3498332500458 21.5250001351039 22.3833332856496 21.7701666752497 21.8675001462301 21.4188333749771 22.5675000349681 22.7718335390091 23.4471666812897 23.6199997663498 23.7499999602636 24.4675000111262 24.9260000387828 25.3751668135325 25.2056665420532 25.503666639328 25.8959999879201 25.9773332277934 25.9803332487742 26.0214999516805 26.0221666495005 26.110000371933 26.2316666444143 26.2445000807444 26.2405553658803 -9999 -9999 -9999 -9999 -9999 -9999 -9999 -9999 -9999 -9999 -9999 -9999 -9999 -9999
21.7723334232966 21.8394999504089 19.7671666145325 19.7750001748403 19.0041665236155 18.9391666650772 19.1175001859665 19.8726666371028 20.7859999338786 21.1463333368301 22.5301668246587 22.9748334089915 22.6476664940516 22.978666583697 23.2553333441416 22.9438334306081 23.3731667200724 24.1565001408259 24.3098334471385 24.3235001564026 25.138666788737 25.1525001525879 23.4971667528152 23.917333205541 25.561000029246 25.896999835968 25.8278334935506 25.7400000095367 25.7184998989105 25.8671668370565 26.0146668752034 26.0964999993642 26.3211669921875 26.4226446946462 26.4208335081736 -9999 -9999 -9999 -9999 -9999 -9999 -9999 -9999 -9999 -9999 -9999 -9999 -9999
21.3621666431427 21.401000102361 18.5760000546773 17.82133324941 17.951166788737 19.0588332414627 19.8348332643509 21.2684999704361 21.3863334655762 21.1816666523616 21.9590001106262 23.4116665124893 23.1681665976842 22.4985001087189 23.3363333145777 23.0391666889191 24.1836666663488 24.0023332436879 24.3968331813812 24.7841664950053 24.9775000413259 24.7181666692098 23.2108334302902 25.0013332366943 25.353333234787 25.6031668186188 25.3864998022715 25.2506664594014 24.4603334267934 25.0266664822896 25.7688332398732 26.016999801 26.2306667963664 26.3421666622162 26.3583331902822 -9999 -9999 -9999 -9999 -9999 -9999 -9999 -9999 -9999 -9999 -9999 -9999 -9999
19.9146668513616 20.3661666313807 17.5983333985011 17.0879999796549 16.5631666779518 18.3569999933243 20.3830000162125 21.0943334102631 22.0121666193008 21.9944999615351 22.4061665932337 23.6360001166662 24.1460001468658 23.2028332153956 23.2214999596278 23.8166665633519 22.9533332983653 23.0248332420985 24.2309999465942 25.0679999987284 24.7104999224345 24.4130001068115 23.4214999278386 24.5439998308818 24.8905000686646 25.4649998346965 25.1694999535878 24.3628334999084 23.5910000403722 25.3824999332428 25.7614999612172 25.9786667029063 26.075833161672 26.1891664663951 26.2961804866791 26.2895832856496 -9999 -9999 -9999 -9999 -9999 -9999 -9999 -9999 -9999 -9999 -9999 -9999
18.691833337148 18.8149998982747 17.9266666571299 17.2273333470027 17.3804999192556 19.2140000661214 19.7380001147588 20.5134998559952 21.2558332284292 22.3904999097188 22.2913333972295 23.3858334620794 23.4786668221156 24.1113332907359 23.8103334506353 24.0218334595362 23.3708331982295 24.3359999656677 24.8718333244324 23.9476665655772 23.7538333336512 24.1129999558131 24.6428332328796 25.1461665630341 25.5023331642151 25.2656665643056 25.2948334217072 24.6918331782023 25.2146667639414 25.6926666895549 25.9281667073568 25.9716670513153 26.0394998391469 26.1095000902812 26.2201387087504 26.2576923370361 -9999 -9999 -9999 -9999 -9999 -9999 -9999 -9999 -9999 -9999 -9999 -9999
20.6138333479563 18.9256667296092 18.4911667903264 18.6931667327881 19.31216665109 19.5406665007273 19.5480000972748 20.2811666727066 22.5956666866938 22.723166624705 23.4991666475932 22.9230001370112 23.3128335475922 23.9214998086294 24.0064999262492 23.954333225886 24.8564998308818 24.3549998601278 23.5955000718435 24.6681667963664 23.8648334344228 22.6793332894643 24.2611667315165 25.3263334433238 25.3229998747508 24.3154998620351 23.4984999895096 24.5484999418259 25.6043334007263 25.7928331693013 25.8129998842875 25.8293333848317 25.9304998715719 26.0459997653961 26.1865001519521 26.2949653466543 26.2854170004527 -9999 -9999 -9999 -9999 -9999 -9999 -9999 -9999 -9999 -9999 -9999
20.6460001468658 20.1048331260681 20.513999859492 19.8139999310176 19.6028333504995 19.7183335622152 19.7336664597193 19.9046665827433 20.9153332312902 23.0048334995906 23.120166738828 23.5299999713898 23.7625000874201 23.6693332990011 23.5489999850591 23.6361665328344 24.3573333422343 24.0344998041789 23.0773332118988 23.6591666142146 24.8715002536774 24.7063332398732 25.3556667168935 25.0350000858307 25.0971666177114 24.9791665871938 25.3658334414164 25.5016667842865 25.2423333326976 25.3459997971853 24.9836666584015 25.065333366394 25.6351665655772 26.015833457311 26.1634999116262 26.2851667404175 26.2986110846202 26.2791666984558 -9999 -9999 -9999 -9999 -9999 -9999 -9999 -9999 -9999 -9999
21.6936666170756 21.0699998935064 20.9921667178472 19.9113332827886 19.9111664692561 20.0776665608088 20.2305000623067 20.3694999217987 20.2580001751582 21.4626667102178 22.2738332748413 21.5656665166219 22.4996668100357 23.5631668170293 22.5715000629425 23.3115000327428 24.4101669390996 23.5226666927338 23.2375001509984 24.6161665916443 24.5509999593099 24.9145001570384 24.4756666024526 25.1383334795634 25.4876666069031 25.7006665070852 25.686000029246 25.5591665903727 25.4588330586751 25.4979999860128 25.2678335507711 25.0485000610352 25.4503333568573 25.9603335062663 26.100333293279 26.2440000375112 26.2833331425985 26.2428239981333 26.1999998092651 -9999 -9999 -9999 -9999 -9999 -9999 -9999 -9999 -9999
21.1464999516805 20.4276666243871 20.9320000807444 19.7161666154861 19.6918334563573 19.8840000629425 20.0094999869664 20.4831664562225 20.6895000537237 20.4928334554036 21.496000011762 20.9191666444143 21.2221666574478 22.70516649882 22.132333278656 21.5354998906453 24.0443333387375 24.0980000495911 23.595666607221 24.5806667009989 23.8448333740234 23.9221666256587 24.9261666138967 25.2983334064484 25.4790000120799 25.2603332996368 24.9324998855591 25.1703332265218 24.9353331724803 24.7876665592194 25.322500149409 25.4351667563121 25.5101664861043 25.8083334763845 25.9483336607615 25.9515000184377 26.0459999243418 26.1686593691508 26.1672619183858 -9999 -9999 -9999 -9999 -9999 -9999 -9999 -9999 -9999
21.2940000693003 20.1746665239334 20.3469998041789 19.4111667871475 19.4828333059947 19.7573333978653 20.0786666870117 20.2128333648046 20.5326667229335 20.1748332977295 21.1246668100357 20.6258333126704 20.638333439827 22.434999982516 20.8515000740687 20.6993333896001 23.6215000152588 23.7451666196187 23.3664999405543 23.877666592598 24.4553333123525 24.4684998989105 25.2975000540415 25.0804998079936 25.0943334102631 25.0646667480469 24.7611668109894 25.2411665121714 25.1718331972758 24.4299999078115 24.5279999574025 25.6389999389648 25.6069997946421 25.3308332761129 25.6056667168935 25.656333287557 25.7289998531342 26.0205001036326 26.1416668891907 26.0583335558573 26.1338540712992 -9999 -9999 -9999 -9999 -9999 -9999 -9999
21.856166601181 20.8715000549952 20.5920000473658 19.5546665986379 19.2846667369207 19.9053333997726 20.14366654555 20.6653335094452 20.7761667172114 20.9040000041326 21.6128331422806 20.8838334878286 20.8208333651225 22.0076668659846 20.8550001382828 21.1788332859675 22.8763334751129 23.2849998871485 23.8351666529973 24.3383334477743 23.817000190417 24.001499970754 24.1896663506826 24.2050000031789 23.211000084877 24.2233331998189 24.2798332373301 25.3234999974569 25.4088332653046 25.263999859492 24.9248331387838 25.5783331394196 25.5213335355123 25.4624998569489 25.2745000521342 25.6208334763845 25.6318336327871 25.8366668224335 26.0969999631246 26.2204862435659 26.3302632172902 26.5625000794729 -9999 26.1958332856496 -9999 -9999 -9999 -9999
22.0273331801097 21.7540001074473 20.9723333120346 20.3506666819255 19.9974999030431 20.1049999793371 20.014999906222 20.0901665687561 20.6533333857854 21.8880000511805 21.260666569074 20.0588332017263 20.6948334773382 20.7983333667119 20.3820000092189 21.1864999930064 21.3885000944138 22.5659999450048 23.8965000311534 24.1588332653046 23.2509998877843 20.7251666386922 20.2536667982737 22.8235000371933 23.5718334913254 22.9981667200724 23.1510000228882 24.8675000667572 24.5549998283386 24.9183333714803 25.2076666355133 25.3718332449595 25.0671666463216 24.8923332691193 24.7693332036336 25.2136667569478 25.4058334827423 25.4423332214355 25.9516665935516 26.0606667200724 26.2711665630341 26.4627192020416 26.2588543097178 26.1333332856496 -9999 -9999 -9999 -9999
22.014333208402 21.4171665906906 21.1495000123978 20.3756667375565 20.2240001360575 20.7860001325607 20.042166630427 19.8144999345144 21.0761667092641 22.7991665999095 20.8576666116714 20.8768333594004 21.6295000314713 20.9003331661224 20.4339998960495 20.5261664787928 20.4473337729772 23.0389998356501 23.1603333552678 23.528666694959 24.1631667613983 23.2523333628972 21.4508333206177 22.221666653951 23.8758334716161 24.3461665312449 24.7493334611257 25.0093334515889 25.1493333975474 25.0411667029063 24.9016664822896 24.8628333409627 24.966666618983 25.0358331203461 24.1933333873749 24.8026669025421 24.0141668319702 24.0326667626699 24.2534999847412 25.1494999726613 25.9119998613993 26.2378334999084 26.2503331502279 26.136333545049 26.0908332665761 -9999 -9999 -9999
22.9394998947779 20.9633334080378 20.5775000651677 20.5158332983653 20.1988333066305 21.6638333797455 20.5806666215261 20.1825000047684 20.5681668519974 22.3825000524521 22.127999941508 22.4973332881927 20.9494999647141 20.6575000286102 20.2898333072662 20.4578332901001 19.6601667801539 22.2793335119883 21.7911666631699 23.0533332029978 22.4705001513163 22.487166762352 20.1339999834696 21.1125000317891 22.5390001138051 23.1719999313354 24.63383324941 24.7921667893728 25.1679998238881 24.8259998957316 24.6848333676656 24.8093332449595 23.8055002291997 23.371833562851 22.8824999332428 23.1091666618983 22.4065001010895 23.2948332627614 24.6333332856496 25.9253333409627 26.0526667435964 26.2040002346039 26.229666630427 26.1288332939148 26.0803333123525 26.1083334287008 -9999 -9999
21.9976665973663 20.7916665871938 20.8294999202092 20.836500008901 20.9251667658488 21.8961666822433 22.2533333698908 20.9013332525889 21.0958334604899 21.4788331985474 22.5850001970927 22.2263333400091 20.5155000289281 20.1769999663035 19.559666633606 19.9108333190282 19.3956665198008 21.4976666768392 19.8913333018621 22.2588333686193 22.339000026385 21.5764999389648 20.2960000038147 22.0570002396901 23.3671665986379 23.7624999682109 24.4293332894643 24.0311669111252 23.5083332856496 22.5693334738414 23.9644999504089 23.9716666936874 23.8883333206177 23.9661665757497 24.2838333447774 24.4811666806539 24.7413333257039 24.886500120163 25.6734998226166 26.134666522344 26.183166662852 26.0874998569489 26.1875003973643 26.1686666806539 26.1201665401459 26.1845235824585 -9999 -9999
21.3213334083557 21.1630001862844 21.314333319664 21.4261664152145 21.4408333301544 21.5108334223429 23.3716665903727 22.0773332516352 21.3644998073578 20.7525000572205 22.838666677475 21.9728333950043 21.0805000066757 20.2991666793823 19.222499926885 19.0813335577647 18.7570000489553 20.0761666695277 18.8781667153041 21.6611664692561 20.3354999621709 18.7111666202545 19.7749999761581 22.2979997396469 21.5128333965937 23.1336666345596 24.3150000572205 23.4271666208903 23.2995000282923 23.0483332077662 23.57066655159 23.1405001878738 22.7341666221619 21.8251669406891 23.632999976476 23.7440000772476 24.1076667308807 24.6925001939138 25.6246665318807 26.066166639328 26.2036666075389 26.1101667086283 26.2199999491374 26.1200001239777 26.1496666272481 26.241499821345 26.2054167588552 -9999
20.7404999732971 21.6734999418259 21.9298334121704 21.977666536967 21.9773331085841 22.1055000623067 22.6076667706172 24.1771667003632 23.5829999049505 23.1918333768845 22.0870001316071 21.3493334054947 19.8050000667572 20.0436665217082 19.6298334995906 19.2976666291555 18.8783333698908 20.1663334369659 20.7009998957316 21.6053331693013 20.8061666886012 18.1978333791097 19.0554999113083 20.9911666313807 20.904666463534 21.5828334093094 23.6741667985916 22.6729998588562 22.8510001897812 22.1733333269755 23.3461666504542 23.9090001583099 24.2011665503184 23.5774999459585 23.4843331575394 21.904333392779 23.8358332316081 25.1123332977295 25.8750001589457 26.0735001564026 26.2023334503174 26.2168331940969 26.2438332239787 26.2490001519521 26.2658333778381 26.293910185496 26.262499888738 -9999
21.7660000324249 21.7526666720708 22.2853332360586 22.1384998957316 23.4489999612172 22.5529999732971 22.3519999980927 24.0156666437785 23.6173336903254 22.8883333206177 20.7121666669846 20.6358332633972 19.4111667076747 19.3036665916443 19.0010002454122 19.5525000095367 20.0383331775665 21.5719999074936 20.8046665589015 20.4586664835612 19.8315000136693 20.0103333791097 20.4113332430522 18.507999976476 18.4758333762487 21.807333389918 24.0318334102631 23.4766667683919 22.0388333797455 21.68649995327 22.8541665871938 23.1095002094905 24.4891665776571 24.5639998118083 23.7033336559931 22.4231667121251 23.6814999580383 25.3118332227071 26.1160000960032 26.1521669228872 26.2201667626699 26.2714994748433 26.3123330275218 26.3259998957316 26.3448333740234 26.3541667461395 -9999 -9999
23.254333337148 22.095166683197 22.7546666463216 23.6784999767939 24.1891666253408 24.0926665862401 24.3011666536331 24.3911666075389 22.6491665840149 21.1676666339238 20.4646667639414 20.2649999856949 19.1469998757044 18.2656668424606 18.9544999996821 19.7941666841507 20.8979999621709 22.0136668284734 20.9899998903275 20.3340000708898 17.5228332678477 16.5851664940516 19.6424998442332 16.3846664627393 17.9090000788371 21.7723333835602 23.5373332103093 23.1233332554499 21.6079998811086 21.3648331960042 21.2840001185735 21.2956668138504 23.7759999434153 24.8056666056315 24.6128332614899 24.218000014623 24.8049999872843 25.8268334070841 25.7718334197998 25.5934998989105 25.7086665630341 26.1536666552226 26.3005000750224 26.3389998277028 26.3593333562215 26.3768520355225 -9999 -9999
