Scripts_&_data/Environmental_rasters/Annual_mean_temperature_RABV_CA_04.asc
NCOLS 192 
NROWS 168 
XLLCORNER 101 
YLLCORNER 9 
CELLSIZE 0.0416666666666667 
NODATA_value -9999 
[rows 44 to 65 of 168, columns 48 to 95 of 192]
27.5656666755676 27.6681668758392 27.6991667747498 27.711333433787 27.699000120163 27.687166929245 27.6970000267029 27.7224997679393 27.7008330027262 27.7254996299744 27.7613334655762 27.7734998861949 27.6953335603078 27.5624999205271 27.4251666863759 27.3246667385101 27.278000275294 27.2843335469564 27.2475003401438 27.1944998105367 27.1858332951864 27.2559998830159 27.2343333562215 27.1668333212535 27.1804999510447 27.1651664574941 27.0613332589467 26.9773333072662 26.8210002581278 26.7173334757487 26.6486666997274 26.7153333028158 26.8360001246134 26.8131668567657 26.8256664276123 26.8453334967295 26.9420002301534 27.0393334229787 27.0278333028158 27.0124999682109 27.0324999491374 27.0796664555868 27.07066655159 27.0676666895549 27.0623333454132 27.0963333447774 27.1338336467743 27.106166601181
27.6245003541311 27.6583336194356 27.73100010554 27.7570001284281 27.7535001436869 27.7550001144409 27.7703332106272 27.7610003948212 27.7021663983663 27.6976663271586 27.7211667696635 27.7288335164388 27.6746667226156 27.6058331330617 27.4888333479563 27.3693331877391 27.267166852951 27.2713336149851 27.2643338044484 27.2046669324239 27.1194999217987 27.1338329315186 27.1266664663951 27.0526668230693 27.0119998455048 26.9916664759318 26.901000102361 26.7625002066294 26.6555000940959 26.5556666056315 26.4873336156209 26.5568335851034 26.6296667257945 26.6376667817434 26.6776666641235 26.7120002110799 26.7478332519531 26.9430003166199 27.0185000101725 27.0061666965485 27.0759998957316 27.1103332042694 27.0729999542236 27.0756665070852 27.0401663780212 27.067666610082 27.0665001074473 27.0323332945506
27.7103332678477 27.6411668459574 27.711500008901 27.7616666952769 27.735333442688 27.7181663513184 27.6958332856496 27.6393336455027 27.5943332513173 27.6431663831075 27.6993334293365 27.7116668224335 27.7065000534058 27.7044996420542 27.5556666851044 27.4205002784729 27.313499768575 27.2433332602183 27.1914997895559 27.1265001296997 27.072833220164 27.0158332188924 26.9359997908274 26.8776667118073 26.8253333568573 26.7256667613983 26.7076666355133 26.6201665401459 26.5625 26.4590000311534 26.4959999720256 26.5946667194366 26.7014997800191 26.7166664600372 26.7115002473195 26.6314996878306 26.6388332843781 26.8374998569489 27.002166668574 26.9928335348765 27.0503332614899 27.1051667531331 27.085666735967 27.0591666698456 27.0345001220703 27.0570000012716 27.0726665655772 27.0019996960958
27.8551669120789 27.8363335132599 27.8571668465932 27.8070000012716 27.6643335819244 27.5543335278829 27.5153334140778 27.5286666552226 27.5253332455953 27.6463332970937 27.7276667753855 27.7179999351501 27.7346665859222 27.75066669782 27.5889996687571 27.459499835968 27.3743332227071 27.2599999904633 27.0448331038157 26.9103331565857 26.8881664276123 26.855832974116 26.739666779836 26.6445000171661 26.6268332004547 26.6388333638509 26.6704998811086 26.6626666386922 26.573833545049 26.5181666215261 26.5846667289734 26.6594999631246 26.8738331794739 26.9198332627614 26.6749997933706 26.5218331019084 26.6908332506816 26.7648332913717 26.8626666069031 26.9030000368754 26.9266667366028 27.0303334395091 27.0246665477753 27.0604999860128 27.0933334827423 27.1141667366028 27.0831666787465 27.0053330262502
27.9183333714803 27.9474999904633 27.9311665693919 27.7938333352407 27.5195000171661 27.3871664206187 27.4264997641246 27.5696667035421 27.6263333956401 27.6981666088104 27.7446668942769 27.6963334083557 27.7028334140778 27.7306666374207 27.6156664689382 27.480166832606 27.3496668338776 27.1863334973653 26.9971663951874 26.8781663576762 26.8101665973663 26.7671666145325 26.6725001335144 26.5351665814718 26.5288332303365 26.611333211263 26.7643332481384 26.7964999675751 26.5646665891012 26.5571665763855 26.6900000572205 26.8170000712077 26.9494999249776 27.0075003306071 26.9548333485921 26.8328332106272 26.8185001214345 26.8623335361481 26.9371667702993 26.965166648229 26.9455000559489 27.0274999141693 27.022166411082 27.0428333282471 27.1094998518626 27.1635001500448 27.0863333543142 26.9769999186198
27.8904997507731 27.8801665306091 27.8868330319722 27.7693332036336 27.6470000743866 27.604500134786 27.6308332284292 27.7321666081746 27.8016664981842 27.7963332335154 27.7475001017253 27.7381667296092 27.6868329048157 27.6848332881927 27.5491666793823 27.4091664950053 27.2511668205261 27.1183331012726 27.0456666946411 26.952833255132 26.9164998531342 26.8588333129883 26.7905000845591 26.7155000368754 26.6906667550405 26.7450000445048 26.91850010554 26.8918333848317 26.7423335711161 26.7105000019073 26.8148332436879 26.8859998385112 26.9189998308818 26.9615001678467 27.0068336327871 26.9603335857391 26.9373334248861 26.9976667563121 27.0600001811981 27.0786668459574 27.0950004259745 27.1183334986369 27.0904999574025 27.0883335272471 27.0636665821075 27.0896668434143 27.0409998893738 26.9441664218903
27.938333272934 27.8936665058136 27.8776667118073 27.9153329531352 27.9228331247966 27.8748335838318 27.8899999459585 27.9313334623973 27.9075001080831 27.7919999758403 27.7175000508626 27.7368332544963 27.6896665096283 27.5613332589467 27.3986666997274 27.3841664791107 27.2705002625783 27.0983335177104 27.0540001392365 27.0494999885559 27.0444997946421 27.0031665960948 26.9406666755676 26.887166817983 26.8415001233419 26.8481667041779 26.9605000019073 26.9286666711171 26.8523333072662 26.7976666291555 26.8418334325155 26.8958335717519 26.9153333504995 26.922499815623 26.9656669298808 27.0099999904633 27.0115001996358 27.0221665700277 27.0588331222534 27.0786668459574 27.0915001233419 27.1343334515889 27.1395000616709 27.1551666259766 27.1013333797455 27.0638330777486 27.0318333307902 26.9791663487752
27.9509998162587 27.911832968394 27.8614999453227 27.8514998753866 27.8978335062663 27.9405002593994 27.8603331247966 27.7196669578552 27.6703332265218 27.7020002206167 27.7481667995453 27.7508335908254 27.6311668554942 27.4120000998179 27.3061663309733 27.3583335081736 27.2861666679382 27.1808335781097 27.2294998168945 27.262166817983 27.2093331813812 27.1333333651225 27.0663332144419 27.0079998175303 26.9463334878286 27.0061667760213 26.9835001627604 26.9723335107168 26.9710000356038 26.8856666882833 26.8933334350586 26.9136670430501 26.8859999974569 26.8963334560394 26.9695001443227 27.0118334293365 27.0411666234334 27.0538331667582 27.0738333066305 27.111666838328 27.1660002867381 27.1781667868296 27.190499941508 27.2009998957316 27.1805000305176 27.157999753952 27.1113332907359 27.0816663106283
27.9526666800181 27.9171661535899 27.8934998512268 27.855499903361 27.8186664581299 27.8079997698466 27.5994997819265 27.42933344841 27.3964998722076 27.6328331629435 27.7561666170756 27.6743338902791 27.517333428065 27.3824997742971 27.364666779836 27.3580002784729 27.315000295639 27.3206667105357 27.2831666469574 27.1213332017263 27.0233333110809 26.9883334636688 26.9569997787476 26.9920002619425 27.0773330529531 27.0706668694814 27.0086666742961 26.968000014623 26.9423333009084 26.8815001646678 26.861666838328 26.8626666069031 26.7780001163483 26.8163332939148 26.9380000432332 27.0153334140778 27.0120001633962 27.0026667912801 27.0018333594004 27.095166683197 27.2158335049947 27.1524999936422 27.0411667823792 27.1613334814707 27.1461666425069 27.1571664015452 27.2321666081746 27.3100001017253
27.9564998149872 27.9244996706645 27.9066666762034 27.8873332341512 27.8633330663045 27.8166666825612 27.6929999987284 27.5843334197998 27.6111668745677 27.726333061854 27.7538332939148 27.663166920344 27.5788337389628 27.5138331254323 27.4658332665761 27.4533329804738 27.4283333619436 27.30433344841 27.1384999752045 26.8966668446859 26.9701667626699 26.6570000648499 26.2723333040873 26.8541665077209 26.9878333409627 26.9981665611267 26.9498334725698 26.9328334331512 26.8765002886454 26.8648335138957 26.8445000648499 26.8618332544963 26.8005000750224 26.8431665897369 26.9325000445048 26.9753335316976 26.9703331788381 26.9358332951864 26.9776666164398 27.0798333485921 27.2013337612152 27.1098335584005 26.2769998709361 26.6253333091736 26.2661666075389 25.8471663792928 26.8794999917348 27.1606667836507
27.941999912262 27.913166364034 27.9039995670319 27.8696663379669 27.8308331171672 27.7820002237956 27.7330000400543 27.7518334388733 27.7548333009084 27.7904999256134 27.7916667461395 27.7691669464111 27.7501667340597 27.7091670831045 27.6520000298818 27.5838335355123 27.5195000171661 27.3516665299733 27.1870002746582 26.9698333740234 26.8143334388733 26.5268332958221 26.3206664721171 26.1786665916443 26.8210000197093 26.8675001462301 26.8438335259755 26.9203334649404 26.8990002473195 26.9105003674825 26.8656668663025 26.8461667696635 26.8193334738414 26.8158332506816 26.8498334089915 26.8890003363291 26.8919999599457 26.8245002428691 26.9116665522257 27.0053334236145 27.0376666386922 27.0916667779287 27.0038333733877 26.42866675059 25.3291665712992 24.9780002435048 25.8324998219808 26.7294999758403
27.9391664663951 27.8946665128072 27.8793332576752 27.8246665795644 27.7591663996379 27.7500000794729 27.7413334051768 27.7794999281565 27.8145000139872 27.8103332519531 27.7753334840139 27.7708330949148 27.7688332398732 27.7036667664846 27.6573334534963 27.6138336658478 27.5873332818349 27.4851667881012 27.3230000336965 27.1088335514069 26.670333147049 26.7483334541321 26.7251663208008 26.1999999682109 26.5241668224335 26.4981667200724 26.6921667257945 26.7566667397817 26.7948332627614 26.8468333085378 26.891500155131 26.8538332780202 26.8011669317881 26.8216667970022 26.8456668059031 26.8255003293355 26.7216665744781 26.6726665496826 26.797166744868 26.9238333702087 26.9606665770213 26.9846664269765 26.9438332716624 26.6543335119883 25.9606666564941 24.9381666183472 25.1074999968211 26.2641667524974
27.8953336079915 27.8338334560394 27.840000073115 27.7690000534058 27.7124998569489 27.7296667098999 27.7406663099925 27.7451663812002 27.7700000603994 27.7970000108083 27.7954998811086 27.784166653951 27.7750000158946 27.6655000845591 27.5978333950043 27.5933333237966 27.6161669095357 27.5548334121704 27.3568332990011 27.1478333473206 27.0116666952769 27.031999985377 27.0060000419617 26.977666536967 26.8158332506816 25.7506667772929 25.8563333352407 26.5493332544963 26.7860000133514 26.873500029246 26.8611666361491 26.8964997927348 26.8689998785655 26.8083332379659 26.8923331101735 26.7971666653951 26.6726667086283 26.707999865214 26.6516668796539 26.8408334255219 26.8986668586731 26.8198331197103 26.7276667753855 26.7111666997274 26.8678333759308 26.4471666812897 25.3248332341512 25.7166667779287
27.8611667156219 27.8216665585836 27.8185002009074 27.7648332913717 27.7601668834686 27.7260000705719 27.7110002835592 27.7156669298808 27.7355002562205 27.7888334592183 27.8058331807454 27.7636667092641 27.7400000095367 27.6551665465037 27.6286667982737 27.6549999713898 27.6408336957296 27.5043330987295 27.2985000610352 27.1603334744771 27.1238335768382 27.1120002269745 27.1356666882833 27.0890001455943 26.9074997901917 26.2351666291555 25.7601668039958 25.662833293279 26.3301667372386 26.8191664218903 26.977499961853 26.9228332042694 26.9096666971842 26.9461665153503 27.0241666634878 26.9959998130798 26.8800002733866 26.7335001627604 26.6721668243408 26.7779999574025 26.8060000737508 26.7498332659403 26.8173333803813 26.8488335609436 27.0374999046326 27.0754998524984 25.9851665496826 25.1453332106272
27.8081665039062 27.8056666851044 27.7798331578573 27.7738332748413 27.7909997304281 27.7464996973674 27.7150003115336 27.7271671295166 27.7573335170746 27.7798330783844 27.7638333638509 27.7271666526794 27.7073334058126 27.6726665496826 27.6825000445048 27.6998332341512 27.6356669267019 27.4718333085378 27.3296663761139 27.2376666069031 27.1885000069936 27.1653333504995 27.1570001443227 27.117333650589 27.0085000197093 26.6729998588562 25.7511666615804 25.5556667645772 25.5140000979106 26.1420001188914 27.0503331025441 27.0564998785655 26.9849998950958 27.0556666056315 27.1233330567678 27.0211668014526 26.8295001188914 26.6423333485921 26.4700001080831 26.6491666634878 26.7953333854675 26.7433333396912 26.8718334833781 26.8438335259755 27.0056668122609 27.1393330891927 26.6765000025431 26.5928333600362
27.7325000762939 27.7158332665761 27.71400030454 27.7593328952789 27.7598333358765 27.7253331343333 27.7134997844696 27.7240001360575 27.7438333034515 27.7281671365102 27.6686669190725 27.6241666475932 27.6281666755676 27.6576666037242 27.6886664231618 27.6756667296092 27.6100001335144 27.5126667022705 27.441833337148 27.3654998143514 27.3078332742055 27.2603335380554 27.2321666876475 27.2170000871023 27.1618332862854 27.0026667118073 26.4461667537689 25.5628333091736 25.9103333155314 26.7513332366943 27.0188331604004 27.0376666386922 27.0674998760223 27.085666735967 27.0608331362406 26.8648331960042 26.4906666278839 26.3956666787465 26.6781664689382 26.8486666679382 26.7935000260671 26.8928333918254 26.9366664886475 26.9124999841054 26.9440000851949 26.9501666227976 26.8886665503184 26.7821667989095
27.7238334814707 27.6763334274292 27.6878333886464 27.7053331534068 27.6698332627614 27.6431667804718 27.6473332246145 27.6336665948232 27.6218331654867 27.5683331489563 27.4816667238871 27.4418334166209 27.4519996643066 27.4928332169851 27.5398330688477 27.5601665973663 27.5618334611257 27.5195004940033 27.4501667022705 27.3809999624888 27.3241666952769 27.286166826884 27.3096667130788 27.3300000826518 27.2900000413259 27.1480003197988 27.02716644605 26.6656664212545 27.0274999141693 27.0501665274302 27.0449999173482 27.0334998766581 27.0903329849243 27.100999991099 26.9716669718424 26.862833182017 26.4263333479563 26.6466666857402 26.6513332525889 26.8316669464111 26.8508334159851 27.0028330485026 27.0394999186198 27.0078333218892 26.8825000921885 26.8330000241597 26.890000184377 26.8651667435964
27.7809996604919 27.7409999370575 27.7346666653951 27.6358332633972 27.515333255132 27.4641665617625 27.4911666711171 27.4853333632151 27.4528333346049 27.3758334318797 27.2879998683929 27.2685000101725 27.2766668796539 27.3183334668477 27.3753334681193 27.4258333047231 27.4519999821981 27.4606665770213 27.4101663430532 27.3540000915527 27.2750000158946 27.2785000006358 27.3605000178019 27.406333287557 27.354499578476 27.1800001462301 27.063333272934 27.1461666425069 27.2158330281576 27.1893331209819 27.1539998054504 27.0423336029053 27.1236666043599 27.1919999917348 27.0933331648509 27.0536665916443 27.0578333536784 26.9073332150777 26.7778334617615 26.9078330993652 27.0293334325155 27.0855000019073 27.1179997126261 26.9908333619436 26.8773330847422 26.8564999898275 26.8291664123535 26.8623334566752
27.7754999796549 27.7283333937327 27.7051667372386 27.5850002765656 27.3693329493205 27.2741669019063 27.306333065033 27.3313332398732 27.30366675059 27.2515000502268 27.226833264033 27.2405002117157 27.244166692098 27.2620000839233 27.2888336181641 27.3128334681193 27.3591667811076 27.4128332138062 27.4606664975484 27.4636665185293 27.4304999510447 27.4244998296102 27.4836668173472 27.4991666475932 27.434333562851 27.3128334681193 27.0756665070852 27.1663332780202 27.2691666285197 27.2476665973663 27.2418332894643 27.1623331705729 27.2531666755676 27.242166519165 27.191499710083 27.1704997221629 27.1198331514994 26.9946666558584 26.9246667226156 26.9983332157135 27.0651665528615 27.1148331165314 27.120999733607 26.9916663964589 26.9321667353312 26.904999812444 26.7730002403259 26.8643333911896
27.7146666844686 27.7058333555857 27.6776667435964 27.6223332087199 27.4223333994548 27.2633332411448 27.2163332303365 27.2314997514089 27.2393333117167 27.2309997081757 27.2378334204356 27.242333650589 27.2411665916443 27.2606667677561 27.2728335062663 27.2719999949137 27.2986668745677 27.356166601181 27.4298332532247 27.4631668726603 27.4674998919169 27.5496669610341 27.6574999491374 27.5753333568573 27.4951666990916 27.4379997253418 27.3323330879211 27.2671666940053 27.2821664810181 27.2623330752055 27.2441666126251 27.1589998404185 27.2946666081746 27.2691666285197 27.2031666437785 27.1608330408732 27.0948332945506 26.9534998734792 26.8948335647583 26.9866663614909 27.0764999389648 27.1304999987284 27.0650002161662 26.9648332595825 26.9563333193461 26.921666542689 26.7844998041789 26.9265001614888
27.6924999554952 27.712499777476 27.6888337930044 27.6786666711171 27.5410001277924 27.3013334274292 27.2031662464142 27.1931662559509 27.2129995822906 27.2176663080851 27.2254997094472 27.2324997584025 27.2444999217987 27.2454998493195 27.2448332309723 27.2398331165314 27.2204998334249 27.2426665623983 27.3316666285197 27.3993333975474 27.4263331890106 27.4945000012716 27.5823334058126 27.5523335138957 27.5363334814707 27.5271666844686 27.4981668790181 27.460999806722 27.4193330605825 27.308166662852 27.2581667900085 27.1838332017263 27.2433333396912 27.2468332449595 27.1378331979116 26.9906667073568 26.8136666615804 26.7968332767487 26.7514998118083 26.7026666005452 26.9506667455037 27.1043331623077 27.049166838328 26.9228332042694 26.6708331902822 26.6145001252492 26.7108331521352 26.893833398819
27.6716666221619 27.693333307902 27.6985003948212 27.716666618983 27.6398332913717 27.4096666971842 27.2846665382385 27.2353329658508 27.2099997997284 27.2063331604004 27.2278331915538 27.2286665439606 27.2290000915527 27.2329997221629 27.2426664034526 27.2236664295197 27.203666528066 27.1919999917348 27.2094999154409 27.2635000546773 27.2986663977305 27.3548332850138 27.3944999376933 27.4334999720256 27.5139997005463 27.5853332678477 27.5800000031789 27.5683337052663 27.557833592097 27.4583332538605 27.3611664772034 27.2738333543142 27.3106670379639 27.3131666183472 27.1216666698456 26.9791667461395 26.8105002244314 26.7366665204366 26.6551665465037 26.6155001322428 26.6696663697561 26.9138333002726 27.0024998188019 26.7918334007263 26.5201666355133 26.423166513443 26.4866665204366 26.6881664594014
