Scripts_&_data/Environmental_rasters/Annual_mean_temperature_RABV_CA_04.asc
NCOLS 192 
NROWS 168 
XLLCORNER 101 
YLLCORNER 9 
CELLSIZE 0.0416666666666667 
NODATA_value -9999 
[rows 110 to 131 of 168, columns 48 to 95 of 192]
26.827083269755 -9999 27.3601448535919 27.1600000063578 27.4105000495911 27.387166817983 27.298999786377 26.983166774114 26.963666677475 26.9536666075389 26.7828331788381 26.5401669343313 26.80499958992 26.7241666316986 26.7069999376933 26.3626666069031 27.0861668586731 27.260666847229 26.2351668675741 25.4928331375122 26.0645000934601 26.0846666495005 25.2025000254313 25.7040002346039 25.0300000508626 25.7404998143514 26.8486667474111 27.2375000317891 27.2740000883738 27.2756667137146 27.3718333244324 27.5538332462311 27.545666774114 27.7456665833791 27.8561666806539 27.8346664905548 27.8926665782928 27.9211663405101 28.0331664085388 28.091500043869 28.1010002295176 28.1119997501373 28.0924998919169 28.0439998308818 28.0021663506826 28.0204997062683 27.7948331038157 27.6533332665761
26.7967104117076 -9999 27.4526786009471 27.3936592737834 27.3353332678477 27.3386667569478 27.3956666787465 27.2111666997274 27.167333205541 27.1223333676656 27.1741665204366 27.1869998772939 27.3124998410543 27.1906666755676 26.9578332106272 26.4735000133514 26.3783333301544 27.263000090917 26.4798333644867 25.1138334274292 25.0335001150767 25.004499912262 24.4928334554036 24.1458332538605 23.9386665821075 24.1713333924611 25.6313331921895 27.0379998683929 27.0474997361501 27.1373332341512 27.2563332716624 27.4671666622162 27.5071668624878 27.4676666259766 27.4625000158946 27.3640000025431 27.659166653951 27.4578332901001 27.8323334058126 28.0361663500468 28.0699998537699 28.088166475296 28.0598332881927 27.9996661345164 27.949333190918 27.9405001799266 27.6668332417806 27.6015001138051
26.4456668694814 -9999 27.5375000635783 27.3020834128062 27.1313331921895 27.2678333918254 27.338500102361 27.1830002466838 26.9426665306091 27.1073331832886 27.1656667391459 27.3819998105367 27.5053331057231 27.4234999815623 27.1176664829254 26.7574999332428 26.6726666291555 27.3138333956401 26.6021667321523 25.4814999898275 24.8706667423248 24.1663332780202 23.6748332182566 23.6471665700277 23.7340002059937 24.2416667143504 25.5861666202545 26.9388333956401 27.0418334007263 27.1533336639404 27.2803331216176 27.4374999205271 27.3366668224335 26.6878331502279 27.3566669623057 26.8121666113536 26.3349997997284 27.2539998690287 27.7986667156219 27.979666630427 28.019166469574 28.0369998613993 27.849666595459 27.7104999224345 27.9665002028147 27.9390001296997 27.6764997641246 27.6484998861949
26.8258332411448 27.6041666666667 27.4711957772573 27.2349999745687 26.9916664759318 26.8346668084462 27.2338333129883 27.2748333613078 26.9458333651225 26.7215001583099 26.7778330643972 27.2484996318817 27.3395001888275 27.2213333447774 26.8570001920064 26.5438335736593 26.8098332881927 27.397333463033 26.8573334217072 25.7556668122609 25.2030000686646 24.7678333918254 23.9363333384196 23.8041665554047 24.1166666348775 24.9103330771128 26.1428333918254 26.945166349411 27.0793331464132 27.2068331241608 27.345833381017 27.4618334770203 27.4224998950958 27.3433334827423 27.4314998785655 27.1864999930064 27.0516667366028 26.7341666221619 27.0318334102631 27.9598329861959 28.0293332735697 28.0501662095388 27.9508333206177 27.8778332074483 28.0026666323344 27.9301664829254 27.762499888738 27.636833190918
27.1916664441427 27.5758335590363 27.4328333536784 27.0488334496816 26.900333404541 26.4875000317891 27.0843334197998 27.2311666806539 27.0286665757497 26.9406667550405 27.3171668052673 27.460333108902 27.3839997450511 27.3894999821981 27.3775000572205 27.2678332328796 27.1555000940959 27.368499994278 27.3811665376027 26.8221666018168 26.2906665007273 25.2854999701182 25.3323333263397 25.0108333428701 25.1818334261576 25.0968333085378 26.273499806722 26.9258333047231 27.0899998346965 27.2233333587646 27.2601667245229 27.270666440328 27.3888332843781 27.5004997253418 27.5151665210724 27.5430000623067 27.5455001195272 27.5789999167124 27.6786666711171 27.9619998931885 28.031499783198 28.0626665751139 28.0626664161682 28.0521664619446 28.0123333136241 27.9260000387828 27.8819999694824 27.6748333772024
-9999 -9999 27.6348038514455 27.4146665732066 26.8643333117167 26.5121666590373 26.9903332392375 27.2198333740234 27.2628333568573 27.1353331406911 27.5038332144419 27.5674997965495 27.5214999516805 27.4841666221619 27.5206665198008 27.510666847229 27.4236663977305 27.199333190918 27.4961667855581 27.4695000648499 27.1414998372396 26.5211668809255 26.7766666412354 26.817666610082 26.8779997825623 26.2508331934611 26.1631666819255 26.85733350118 27.0666665236155 27.1143334706624 27.0039998690287 27.0918331940969 27.3056668440501 27.4655000368754 27.5334998766581 27.7673333485921 27.8038334051768 27.858500401179 27.8905000686646 27.9609999656677 28.015499830246 28.031499783198 28.0334997177124 27.9749999841054 27.9548335870107 27.9196666876475 27.9265003999074 27.7853334744771
-9999 -9999 27.5934522151947 27.515277783076 26.8964999516805 26.7459999720256 27.11483335495 27.1910000642141 27.2959997653961 27.3334998289744 27.4991669654846 27.543888648351 -9999 27.4513886769613 27.4321664174398 27.5149999459585 27.5491664409637 27.5353331565857 27.4390150705973 27.4971664746602 27.3921665350596 27.30366675059 27.3946665128072 27.270666440328 27.0033332506816 26.1071667671204 26.1538330713908 26.7980002562205 26.9669999281565 26.9509999752045 26.5361665884654 27.0738331476847 27.3051668008169 27.5055000782013 27.7063335577647 27.834166765213 27.8745001157125 27.8778337637583 27.8988335927327 27.9430001576742 27.992000023524 27.9933333396912 27.9590001106262 27.8709998130798 27.8554998238881 27.8673335711161 27.8783333301544 27.7519999345144
-9999 -9999 27.4654760360718 27.4351666768392 27.1691664854685 26.8489998181661 27.1926666895549 27.277666648229 27.3560000260671 27.4313332239787 27.549053033193 27.605208158493 -9999 27.4999999205271 27.4493420918783 27.4741319815318 27.5529514153798 27.565719683965 27.4508334000905 27.5071668624878 27.3891666730245 27.3624999523163 27.390333255132 26.6665000120799 25.9720001220703 25.55366675059 25.7356665929159 26.6591664950053 26.9531665643056 26.898833433787 26.2476669152578 26.9169998168945 27.1626665592194 27.359833240509 27.6661666234334 27.8288334210714 27.8398336569468 27.8501669565837 27.8943336009979 27.9208336671193 27.9511669476827 27.9346668720245 27.8675002257029 27.8074998855591 27.8483331998189 27.8149999777476 27.8208332856496 27.6658331553141
-9999 27.4875001907349 27.3750001589457 27.2156666914622 27.1405000686646 26.9391666253408 27.3081665039062 27.4675002098083 27.537833293279 27.3230001131694 27.451388835907 -9999 -9999 -9999 -9999 27.5130952994029 27.5434208710988 27.5638333161672 27.4219998518626 27.4874999523163 27.4479996363322 27.4706666469574 26.7941668828328 24.0560000737508 23.5958331425985 23.9076668421427 25.8328332901001 26.4704998334249 26.9205002784729 26.9348335266113 26.5476666291555 25.6823333104451 26.3834999402364 27.030500014623 27.5089999039968 27.6726667086283 27.5918333530426 27.6698331038157 27.838166475296 27.8795001506805 27.9086670080821 27.8921669324239 27.814999739329 27.7283330758413 27.8103331724803 27.7646667957306 27.795166571935 27.6783332824707
-9999 -9999 27.3787879943848 27.2858335971832 27.2645000616709 27.1923331419627 27.3428332805634 27.5408333937327 27.4958336353302 27.4073334534963 27.544696966807 -9999 -9999 -9999 -9999 27.5555555025737 27.5373333295186 27.4598333040873 27.4413332939148 27.4524998664856 27.3448334534963 27.4753336111705 26.8600002924601 23.9456666310628 23.3789999485016 23.7900000413259 25.7950000762939 26.7811668713888 26.8166667620341 27.0101667245229 26.5644999345144 25.2979998588562 25.7816666762034 26.851500193278 27.363499879837 27.2971664269765 26.7823334534963 27.4476665655772 27.8246666590373 27.8658334414164 27.9011669158936 27.882833480835 27.84916639328 27.7649997075399 27.7898331483205 27.763500213623 27.7898333867391 27.6689999103546
-9999 27.7374999523163 27.3658333619436 26.9919999440511 27.1893332799276 27.4208333492279 27.4564999739329 27.6079999605815 27.4684998194377 27.5005207856496 27.6791663169861 -9999 -9999 -9999 -9999 27.6041665077209 27.5744046370188 27.4846665859222 27.3576667308807 27.448166847229 27.3443333307902 27.4640002250671 26.9163335164388 24.1236667633057 23.6443332831065 24.184833129247 25.808833360672 26.8756664594014 26.957000096639 27.1561666329702 26.8746668497721 25.9038333098094 26.1631666024526 26.7793333530426 27.3836665948232 27.3836668332418 26.8608333269755 27.3863333066305 27.7860001722972 27.8445002237956 27.8498336474101 27.8163332144419 27.8153331279755 27.7638332049052 27.7456665039062 27.6784999370575 27.686500231425 27.6768332322439
-9999 27.591666618983 27.3981771469116 27.2653333346049 27.3206668694814 27.6246664524078 27.6856249173482 27.6958332061768 27.5631663799286 27.6961804231008 27.7583332856496 -9999 -9999 -9999 -9999 -9999 27.6037037372589 27.5096663633982 27.3785000642141 27.3611665566762 27.236999909083 27.4388335545858 27.1714998086294 24.3733332157135 24.0064998467763 24.6779998938243 26.0613333384196 26.8293333848317 26.9904999732971 27.2254999478658 27.1894999345144 27.0221664905548 26.8619999885559 27.1973332564036 27.4766668478648 27.3473332722982 27.1205000082652 27.3931666215261 27.752166668574 27.8093336423238 27.8013332684835 27.7875001430511 27.7870000203451 27.7668334643046 27.7269999980927 27.6191665331523 27.6084999243418 27.6335002581278
-9999 27.5624997615814 27.5499998728434 27.4400362968445 27.549499909083 27.6645832061768 -9999 27.7408332029978 27.6282892227173 27.631041765213 27.766666730245 -9999 -9999 -9999 -9999 -9999 27.6291666825612 27.5985000928243 27.3638331890106 27.4796667098999 27.4026668071747 26.8866666952769 24.9949999650319 24.8584999243418 24.5998334884644 24.7846666177114 25.952666759491 27.0456665356954 27.1319998900096 27.3540001710256 27.4631667931875 27.4146666526794 27.2074999809265 27.3533331553141 27.5268332163493 27.5316664377848 27.1693332990011 27.5036667188009 27.7321672439575 27.7583336830139 27.7456669012705 27.7620002428691 27.7873333295186 27.7703332901001 27.7271668116252 27.6328333218892 27.5988332430522 27.6194998423258
-9999 -9999 -9999 27.4739583333333 27.530208269755 -9999 -9999 -9999 27.6708333492279 -9999 -9999 -9999 -9999 -9999 -9999 -9999 -9999 27.5786666075389 27.4433329900106 27.5633334318797 27.513166586558 26.1559999783834 23.737833182017 24.4969999790192 24.8060001532237 25.1898335615794 25.8149999777476 26.9729998111725 27.2509999275208 27.3604998588562 27.4371666908264 27.3863333861033 27.194166580836 27.42866675059 27.5888334910075 27.6036666234334 27.5851667722066 27.6340000629425 27.6973334948222 27.7220005194346 27.7371667226156 27.7601668834686 27.75066669782 27.7310002644857 27.686333100001 27.5718334515889 27.6341664791107 27.636500120163
-9999 -9999 -9999 -9999 27.4515624841054 -9999 -9999 -9999 -9999 -9999 -9999 -9999 -9999 -9999 -9999 -9999 27.5205358664195 27.5403332710266 27.4468332926432 27.5811665058136 27.5251665910085 26.0630001227061 23.9848333199819 24.048833211263 25.0323332150777 25.2663333415985 26.1033333937327 26.8113334973653 27.1238332589467 27.2961665789286 27.287833293279 27.4168336391449 27.4296665986379 27.5596668720245 27.6306667327881 27.6218333244324 27.6414998372396 27.6023333072662 27.3131667772929 27.6261667410533 27.7290002504985 27.7526667912801 27.7233333587646 27.673166513443 27.5974996884664 27.5223333040873 27.5794999599457 27.6308334668477
-9999 -9999 -9999 -9999 26.8691666126251 27.2346150875092 27.4499998092651 -9999 -9999 -9999 -9999 -9999 -9999 -9999 -9999 27.5666666825612 27.524094025294 27.5398332277934 27.3243332703908 27.5548330148061 27.5635000069936 26.7925000190735 23.7123332818349 23.50949994723 24.3138333956401 24.5834999879201 26.1396667162577 26.7096665700277 27.20516649882 27.300666809082 27.2358331680298 27.1473333040873 27.4709997971853 27.5898334185282 27.6151667435964 27.6139998435974 27.6284998257955 27.5308334827423 27.0539999802907 27.5621666113536 27.6741665999095 27.6799998283386 27.6534998416901 27.6180000305176 27.5244999726613 27.4993331432343 27.5049999554952 27.5903334617615
-9999 -9999 -9999 -9999 27.0499998728434 26.9238332907359 27.4392360846202 27.5666665236155 -9999 -9999 -9999 -9999 -9999 27.6854166984558 27.6708330313365 27.7025002638499 27.6230901082357 27.5313330491384 27.3563333352407 27.5401666959127 27.585333108902 27.3004999160767 24.3395000298818 23.277500073115 23.7264997164408 24.5019997755686 26.2559999624888 26.7166666984558 27.3304998874664 27.3608334064484 27.3724998633067 27.1854998270671 27.3288331826528 27.515666325887 27.5969998836517 27.6181665261586 27.6291666030884 27.5700000921885 27.4038334687551 27.2513333161672 27.603666861852 27.5461669762929 27.6088336308797 27.5910000801086 27.5101664861043 27.5414997736613 27.597499926885 27.6051665941874
-9999 -9999 -9999 -9999 -9999 27.2333331902822 27.2789474328359 27.4319443702698 -9999 -9999 -9999 -9999 27.4930555025737 27.3285001118978 27.3195000489553 27.3883334000905 27.2823333740234 27.2236666679382 27.0526666641235 27.5291667779287 27.6136906941732 27.5726667245229 26.0743333498637 23.0894998709361 22.8693335056305 24.0734999974569 26.0363335609436 27.0291669368744 27.4113334814707 27.4501668612162 27.4670000076294 27.3426665465037 27.157999753952 27.3023334344228 27.500999768575 27.5903330643972 27.5538333257039 27.5954998334249 27.5406665802002 27.5208334922791 27.5026665528615 27.1938331921895 27.4994998772939 27.4866667588552 27.4511666297913 27.5009996891022 27.6048331260681 27.6104998588562
-9999 -9999 -9999 -9999 -9999 -9999 27.1430557568868 -9999 -9999 -9999 -9999 27.8416664600372 27.5899999141693 27.3685001532237 27.3620000680288 27.5236666202545 27.3131666183472 27.0615003108978 27.292999903361 27.6363333861033 27.6143522262573 27.6080129941305 27.2653335730235 25.2335001627604 22.8738333384196 23.2245000203451 25.245166460673 27.1060000260671 27.4525000254313 27.4440000851949 27.3623331387838 27.2259999116262 27.0981664657593 27.0981667041779 27.3934998512268 27.5378332138062 27.4848333199819 27.5668332576752 27.5614997545878 27.5398331483205 27.5053334236145 27.3648332754771 27.4676666259766 27.3424998919169 27.2583333651225 27.5020000139872 27.5661663214366 27.6070002714793
-9999 -9999 -9999 -9999 -9999 -9999 26.920833269755 27.1412034829458 -9999 -9999 -9999 27.7000000476837 27.7357637087504 27.6358332633972 27.5164999961853 27.7046666145325 27.5621668497721 27.4670000871023 27.5979999701182 27.6310002009074 27.62788494428 -9999 27.5956019560496 26.9856666723887 25.7771666844686 25.7806666692098 26.2249999046326 27.3508332570394 27.379499912262 27.370500087738 27.3561666806539 27.2066666285197 27.0496665636698 27.055166721344 27.3781667550405 27.5071664651235 27.5183333555857 27.5295000076294 27.5224997202555 27.5028328895569 27.5054996013641 27.4961667060852 27.4095001220703 27.2401667435964 27.0216666062673 27.5526665051778 27.5434999465942 27.3913331826528
-9999 -9999 -9999 -9999 -9999 -9999 -9999 27.4185897509257 27.3750001589457 -9999 -9999 -9999 -9999 27.6302779515584 27.5791666507721 27.4019999504089 27.4663331508636 27.6414772669474 27.635000149409 27.6480161348979 -9999 -9999 -9999 27.5562499364217 27.4815477530162 27.5027084350586 27.4756577014923 27.4285713831584 27.4310416380564 27.4552084604899 27.4458332856496 27.3420001665751 27.0913337866465 27.3143336772919 27.4383333524068 27.4913332462311 27.4976666768392 27.4903333187103 27.4736664295197 27.4591664473216 27.466833114624 27.4896666208903 27.4783333937327 27.2379998366038 27.4631665547689 27.5256666342417 27.4081666469574 27.5104998747508
-9999 -9999 -9999 -9999 -9999 -9999 -9999 -9999 -9999 -9999 -9999 -9999 -9999 27.6624997456868 27.4574999809265 27.3739999135335 27.3476192156474 27.3723038832347 27.4177777767181 27.5449999968211 -9999 -9999 -9999 -9999 -9999 -9999 -9999 -9999 -9999 -9999 27.4506944815318 27.247833331426 27.3906668027242 27.3801665306091 27.4043330351512 27.4403336048126 27.4676666259766 27.4553333123525 27.421666542689 27.4063333670298 27.4220000902812 27.4519999027252 27.4550001621246 27.4638334910075 27.4888334274292 27.4444998900096 27.3909997940063 26.7648332913717
