Scripts_&_data/Environmental_rasters/Elevation_RABV_CA_008.asc
NCOLS 960 
NROWS 840 
XLLCORNER 100.9998876 
YLLCORNER 8.9999724 
CELLSIZE 0.00833333000000001 
NODATA_value -9999 
[rows 43 to 85 of 840, columns 95 to 189 of 960]
221 215 218 217 221 225 221 211 200 192 188 187 184 184 184 189 193 197 203 200 203 206 212 216 208 221 214 197 183 182 183 183 183 183 181 180 180 181 180 179 181 185 187 191 194 196 207 205 195 201 210 214 215 216 223 230 224 225 222 216 208 201 198 195 192 191 187 184 181 178 177 181 181 190 195 197 197 203 200 200 200 199 195 191 186 181 183 183 185 185 186 188 188 185 184
221 220 222 215 217 217 225 212 201 188 184 187 184 185 189 194 199 200 202 205 206 213 222 218 215 225 211 193 181 187 186 189 187 185 183 183 182 180 181 184 182 188 192 193 195 199 207 205 199 196 200 205 215 218 222 230 226 219 215 208 202 197 193 189 188 187 186 183 180 176 176 178 180 183 188 190 194 196 193 192 192 191 194 188 183 180 178 179 183 182 185 185 182 182 182
223 221 219 209 210 206 213 212 196 188 184 184 184 188 193 200 204 206 204 211 218 224 222 214 212 214 210 191 186 189 193 191 184 182 183 182 180 179 181 187 187 188 193 197 201 205 211 210 206 201 203 202 206 211 218 222 217 212 207 205 199 195 192 190 188 185 184 182 179 176 173 174 175 183 184 188 189 187 189 188 186 185 191 190 187 181 176 177 178 181 185 183 181 178 178
223 218 214 212 203 200 202 198 189 188 188 187 185 188 200 211 214 218 212 213 219 225 225 225 222 210 202 195 190 185 183 181 181 179 179 180 179 179 182 188 191 193 195 200 207 213 220 219 213 208 205 206 211 212 214 220 214 208 205 200 198 195 193 192 190 187 183 181 179 177 173 171 172 181 180 184 186 183 183 185 182 184 193 194 186 178 175 175 177 180 180 181 177 176 176
216 215 210 209 203 195 192 189 188 189 189 188 185 190 202 216 220 216 212 215 226 242 242 234 228 213 200 192 189 182 181 181 180 180 181 181 180 180 184 186 188 190 194 197 202 208 214 218 219 211 210 206 211 220 226 226 221 216 211 206 204 200 197 195 189 186 182 179 178 176 173 171 169 174 177 183 182 180 179 179 179 188 192 187 179 175 174 172 174 178 176 175 175 173 172
211 210 205 205 197 190 189 189 190 190 189 188 186 192 198 205 210 209 216 225 237 243 235 222 214 200 190 188 186 184 186 185 183 182 185 183 181 183 186 187 188 192 195 200 202 208 213 218 217 214 217 213 208 212 215 218 223 219 215 213 210 204 201 197 192 188 183 182 180 176 174 170 169 171 174 183 178 176 173 175 180 181 184 180 175 174 173 171 171 176 173 171 170 170 170
211 206 203 198 193 190 190 190 190 191 191 189 189 192 194 201 205 212 219 229 233 232 221 214 201 191 189 192 188 189 189 187 186 183 185 188 183 185 189 192 192 196 199 203 209 211 215 225 231 224 229 218 212 213 219 218 224 223 218 211 211 210 206 201 194 186 183 181 178 176 175 171 169 168 170 176 175 171 171 178 189 184 175 174 177 179 177 171 170 174 177 174 169 168 168
203 202 199 196 193 191 190 191 191 192 190 189 191 193 194 196 199 205 212 217 220 216 207 198 193 191 192 197 193 193 192 189 188 186 186 188 184 187 190 194 196 198 202 207 215 220 221 219 227 232 234 222 220 218 228 227 229 229 223 217 222 214 209 200 193 190 187 181 178 174 171 169 168 166 165 167 168 168 170 177 178 175 169 172 175 177 174 171 168 172 179 173 168 166 166
200 198 197 193 192 191 192 194 195 192 192 193 195 195 196 196 198 199 202 204 205 203 197 197 202 202 192 197 195 197 195 195 188 187 190 186 184 187 190 193 198 201 205 209 217 224 229 226 226 233 231 223 228 221 230 235 234 238 227 226 224 220 213 204 203 201 192 186 180 176 171 169 168 167 165 164 163 165 166 170 169 166 167 168 171 175 175 170 167 172 173 168 166 165 164
198 197 195 194 194 194 197 196 196 197 196 197 199 199 197 198 199 200 202 204 205 206 199 203 203 200 195 198 198 197 197 198 191 191 190 185 185 191 190 195 198 201 205 210 215 224 231 232 235 237 232 228 234 225 231 239 238 234 225 217 214 211 213 206 203 198 193 187 181 177 174 171 175 175 171 166 163 163 164 166 165 163 162 168 168 173 172 167 167 168 174 170 166 164 162
199 195 194 194 193 195 197 199 202 204 202 201 202 202 202 201 203 202 204 208 207 207 205 207 204 201 199 200 201 200 200 198 193 191 190 192 187 188 192 198 202 203 206 208 214 220 227 234 242 243 234 237 234 232 237 245 242 233 224 221 218 211 207 204 197 191 188 184 182 178 174 173 174 178 174 169 163 161 161 163 162 162 160 163 166 167 168 165 165 166 169 167 163 161 160
201 199 198 195 195 200 199 203 203 207 208 206 206 207 207 207 206 205 206 207 211 212 213 212 209 206 203 205 204 205 202 200 197 195 190 189 189 189 191 197 200 204 205 207 212 217 225 231 239 241 238 239 237 239 238 242 239 234 229 220 216 212 206 201 196 192 189 185 180 178 178 172 169 168 166 164 161 159 160 159 161 165 161 162 162 163 163 163 163 162 164 167 165 164 161
203 200 197 196 197 204 203 207 208 209 211 212 210 211 212 212 209 210 208 210 211 215 216 215 214 211 209 212 208 208 210 205 201 199 196 194 192 190 191 193 197 200 203 206 210 215 221 226 231 236 242 236 238 233 231 236 233 228 228 222 215 209 203 201 194 189 187 183 179 181 179 174 169 170 167 165 164 160 160 161 160 161 160 161 160 162 166 166 161 162 166 170 168 167 164
199 198 196 195 196 202 207 207 212 213 214 214 213 215 215 214 214 213 211 211 212 215 220 223 222 215 215 220 211 213 214 210 203 205 201 199 196 192 192 192 194 198 203 209 211 216 220 225 230 235 238 232 230 228 225 232 226 226 220 220 213 207 199 195 192 187 183 181 178 177 175 174 174 174 171 167 164 159 159 161 160 158 157 158 157 162 163 163 161 160 165 167 166 166 166
197 198 196 197 198 203 211 217 219 221 222 221 218 218 220 219 219 218 217 215 214 215 219 226 226 219 218 216 213 217 217 209 209 205 202 200 197 195 194 192 195 199 201 204 208 212 218 222 227 231 231 226 226 222 220 226 221 218 216 215 209 205 196 191 189 188 184 180 175 172 169 171 174 173 170 167 164 161 160 159 159 157 157 157 155 156 159 162 159 158 161 163 163 161 160
198 199 198 207 201 200 207 211 217 222 226 226 226 224 227 227 227 226 226 221 216 219 223 225 222 221 218 218 219 219 218 215 210 208 205 203 200 199 196 194 197 199 201 203 205 207 211 214 217 223 225 220 217 213 214 216 216 212 208 208 200 199 193 188 188 186 184 179 175 170 170 167 168 170 168 165 163 163 162 159 156 156 155 156 155 156 159 161 158 157 157 158 157 156 156
199 200 202 208 205 204 209 210 211 213 216 219 226 229 234 236 233 228 225 220 218 222 229 232 226 224 222 224 224 222 221 218 215 212 209 205 201 198 196 194 194 199 202 206 208 211 215 219 219 225 225 217 216 211 212 211 210 207 204 205 201 196 193 189 185 183 180 177 173 171 169 167 165 164 164 162 166 160 156 157 155 155 154 155 154 157 159 157 159 156 156 159 157 156 154
201 204 208 210 204 205 208 213 215 220 220 222 228 234 237 243 242 237 232 222 223 228 229 236 232 234 230 227 232 233 230 231 224 219 215 205 203 200 198 196 195 199 202 206 210 215 221 228 228 228 223 216 209 207 206 204 206 203 201 199 197 194 191 188 184 181 179 176 173 170 169 167 166 166 164 161 163 159 158 158 156 154 154 153 153 154 157 158 158 156 155 157 157 155 156
201 207 216 217 208 209 210 214 218 224 223 227 232 241 246 244 241 234 227 224 232 238 235 243 239 242 234 237 239 243 237 236 226 221 212 206 206 204 200 199 197 201 206 208 212 221 225 223 220 220 216 211 206 206 202 199 200 198 198 198 194 190 187 184 182 179 178 175 174 173 172 172 172 168 162 160 160 159 157 157 156 155 154 153 152 153 153 154 156 155 154 155 155 154 153
204 211 217 215 211 209 211 215 219 225 229 235 238 245 250 241 238 234 231 227 230 239 240 249 245 246 238 245 242 246 241 233 223 217 212 209 210 207 202 201 199 200 205 207 215 222 222 217 215 212 212 210 207 200 198 196 196 195 194 195 191 188 186 184 181 182 182 181 179 178 176 173 170 166 162 160 159 160 160 159 156 156 155 153 153 153 152 152 153 153 153 155 158 157 156
209 212 219 221 218 215 216 215 219 226 232 231 238 247 252 243 240 236 234 231 230 234 240 247 252 246 243 248 247 243 235 228 222 217 213 212 212 209 204 204 200 199 203 206 211 217 220 216 213 207 213 215 209 200 197 196 193 191 191 188 188 188 187 184 181 182 183 181 182 180 176 171 170 167 162 164 165 166 165 163 156 155 155 154 153 152 152 151 152 152 154 159 161 162 155
216 214 216 220 221 217 222 219 218 223 223 232 238 242 249 252 244 243 240 236 235 237 241 247 251 250 250 251 242 235 231 226 222 218 215 216 212 208 208 207 202 204 204 209 215 220 215 209 211 204 205 210 206 199 196 195 193 191 187 185 184 184 185 185 179 179 179 177 179 177 172 170 169 166 167 169 169 167 162 160 155 156 155 156 155 155 151 152 151 151 154 151 154 160 153
220 223 220 223 224 221 226 221 223 229 229 229 233 238 242 253 252 249 248 245 242 239 245 243 243 245 250 246 240 232 228 224 221 219 219 215 210 209 211 209 205 208 206 212 221 218 214 208 204 201 203 207 205 201 200 196 191 188 185 183 182 180 181 182 179 176 174 173 173 172 170 168 171 172 170 170 166 163 159 156 157 158 157 162 157 155 153 154 151 150 151 150 149 150 151
223 224 230 226 228 225 228 224 224 229 234 241 246 248 248 251 246 241 238 235 233 231 234 235 242 239 247 246 245 238 232 226 222 218 215 213 213 214 213 209 205 211 211 216 216 212 212 210 207 201 197 199 198 197 200 197 194 190 190 186 183 181 179 178 179 175 175 173 172 172 173 177 179 169 167 166 162 160 158 160 163 163 157 156 154 153 152 151 150 150 151 149 149 150 152
227 229 229 237 236 232 233 229 225 230 233 240 250 256 259 256 253 247 241 234 228 226 229 229 231 233 239 234 239 244 238 228 224 219 222 223 218 216 211 211 211 215 212 210 209 207 206 202 202 197 194 195 192 194 195 195 192 193 191 188 185 182 178 179 181 178 176 174 170 169 171 176 170 167 164 163 160 159 161 167 165 162 166 160 154 153 151 154 153 151 150 150 149 149 152
220 230 235 234 240 242 235 231 230 233 237 240 247 251 258 251 245 241 236 232 228 223 224 225 226 232 235 228 229 236 235 228 224 225 232 227 220 216 217 212 208 209 206 204 205 202 202 200 197 194 192 193 191 190 192 190 192 193 191 187 184 180 178 178 183 181 178 178 171 168 168 167 167 164 161 161 162 163 166 167 166 170 172 159 154 158 156 157 154 151 151 149 149 149 149
222 223 230 236 245 249 242 236 236 238 242 246 256 256 257 248 242 237 232 227 222 219 221 219 222 225 226 224 230 237 239 233 227 234 232 223 220 223 216 209 205 203 202 200 200 199 199 197 195 192 190 189 188 187 187 188 193 193 192 190 186 181 176 175 180 178 176 173 170 168 169 167 164 163 166 167 165 170 169 172 171 164 159 156 155 155 155 153 150 153 153 152 156 150 149
228 225 229 232 238 245 250 246 247 248 250 251 255 262 249 242 239 234 233 230 225 219 216 215 217 220 220 220 226 233 239 235 231 236 225 219 218 221 212 207 203 200 197 195 198 196 198 198 193 191 188 186 185 184 185 190 191 189 190 187 183 181 175 174 178 175 171 169 167 166 166 166 165 167 170 173 170 170 174 169 163 161 161 159 162 158 161 162 156 161 160 158 158 151 149
232 230 233 233 236 239 243 246 249 257 259 262 260 259 250 241 236 233 228 225 222 221 216 213 212 214 215 218 226 234 236 230 225 228 221 215 215 214 210 206 203 199 196 193 194 192 194 196 193 189 185 185 183 183 185 188 187 184 187 188 184 179 175 172 173 170 168 167 166 168 171 169 169 170 171 171 168 171 168 164 165 169 167 158 160 161 160 162 156 155 157 152 151 149 149
234 234 235 233 233 234 236 238 245 250 251 255 253 252 249 245 240 235 227 223 221 217 214 211 210 212 217 223 226 233 243 236 229 224 216 212 210 211 211 208 205 200 196 193 191 189 189 192 190 191 190 188 184 181 182 182 182 181 182 185 184 179 173 171 170 168 169 171 173 171 174 173 171 169 168 168 167 164 168 173 174 171 166 160 156 153 155 160 159 152 150 150 149 149 149
230 231 231 229 228 231 230 234 237 243 246 248 244 248 242 239 234 229 225 221 219 216 212 209 209 212 219 226 232 240 240 233 230 223 217 211 208 207 209 207 203 203 199 194 191 189 186 187 193 196 193 188 183 181 179 178 177 177 179 181 180 177 175 171 170 173 174 178 178 175 176 174 172 168 163 164 162 169 176 177 167 163 165 163 161 157 153 153 150 150 150 150 150 149 149
226 227 227 226 226 224 226 230 234 236 242 249 239 235 234 231 226 225 222 218 215 213 212 208 208 214 219 224 235 238 230 233 228 224 217 210 206 205 204 208 204 198 199 196 190 187 185 186 192 194 192 187 184 181 180 179 176 174 175 175 177 175 177 176 174 177 179 181 180 178 175 172 169 167 163 159 162 170 169 168 168 162 159 158 161 161 158 151 151 152 150 150 150 149 149
223 221 220 220 223 222 225 228 230 232 238 243 237 231 229 231 224 220 218 217 213 209 207 206 209 215 224 228 230 227 225 226 219 222 214 209 206 202 201 203 203 198 195 193 192 191 185 184 187 190 190 188 185 184 182 178 174 173 173 175 177 178 178 175 171 175 178 179 176 173 174 170 166 165 160 158 158 162 166 168 166 162 158 155 160 158 152 151 151 150 150 150 149 149 148
218 218 216 221 219 219 221 225 228 235 242 237 231 229 226 224 222 217 214 212 209 206 204 205 212 223 224 223 220 220 225 219 214 212 208 204 204 199 197 199 199 195 191 195 193 188 184 182 183 184 186 186 183 181 179 179 178 175 172 172 174 174 174 172 169 171 174 173 174 171 169 167 164 161 158 156 161 165 165 164 163 159 157 154 154 152 152 151 150 150 150 149 149 149 148
215 213 212 216 215 217 220 222 230 232 234 232 230 226 222 221 219 218 214 209 209 204 203 204 211 221 216 215 214 218 225 219 213 212 207 204 201 199 195 193 193 190 189 195 192 192 186 182 180 180 182 184 184 184 184 184 180 178 173 170 169 171 171 167 166 168 169 172 173 171 167 166 161 159 157 156 159 161 160 159 160 156 153 152 152 151 151 151 150 150 150 149 150 149 149
215 210 209 209 210 215 216 216 221 223 226 229 226 223 220 218 216 215 213 209 206 203 201 203 207 214 211 210 213 217 218 214 211 208 207 205 200 197 194 192 190 189 188 189 188 191 188 183 179 178 180 184 185 183 181 181 179 177 173 169 169 170 167 164 163 165 167 169 169 167 165 163 161 160 158 155 157 158 156 154 154 153 152 152 153 152 151 151 150 150 150 149 150 149 149
216 211 208 209 211 212 213 213 216 220 222 221 222 219 216 215 214 213 212 208 205 201 199 200 202 207 206 208 208 212 214 212 209 205 201 205 202 200 195 190 188 188 186 185 183 187 186 180 178 176 178 180 180 178 177 177 175 174 171 168 167 167 165 164 162 162 163 165 165 165 166 167 163 161 158 155 155 154 154 153 152 153 153 154 152 152 151 151 152 150 150 150 150 150 150
211 211 206 207 209 210 212 213 216 218 218 217 217 216 216 219 213 210 209 207 205 203 198 199 200 201 203 204 204 207 211 210 207 207 202 201 199 194 191 190 189 187 185 183 182 185 185 183 179 176 176 177 177 178 175 173 172 168 166 166 166 166 166 166 162 162 162 163 164 165 166 166 164 160 156 155 154 154 153 153 154 153 153 153 152 152 151 151 150 150 150 150 150 150 150
207 205 205 204 205 209 213 212 216 213 214 214 217 211 215 218 216 211 206 206 203 200 199 196 197 197 199 199 200 203 206 206 203 203 198 194 198 198 194 193 188 184 182 181 181 180 179 178 177 173 173 173 177 179 178 175 174 169 166 167 168 165 163 162 162 163 161 162 166 167 166 165 162 160 159 159 157 154 153 153 153 153 152 152 152 152 151 151 151 150 150 150 150 150 150
207 204 203 202 203 207 213 211 216 211 209 215 212 210 217 215 210 208 205 203 200 199 201 198 195 194 194 193 196 198 202 201 199 197 194 193 198 194 189 187 185 184 178 180 182 179 178 176 174 172 172 172 174 175 177 178 174 168 170 173 173 167 164 162 166 167 165 161 162 167 164 162 159 160 160 157 155 154 153 153 153 152 152 152 152 152 151 151 151 151 151 151 150 150 149
198 198 202 200 204 211 213 208 210 209 206 207 205 208 213 211 207 202 201 198 199 196 198 198 195 194 193 192 193 194 198 201 203 199 197 192 195 196 191 185 181 180 176 182 183 182 180 178 176 174 171 170 172 172 175 174 169 168 174 174 173 166 162 164 171 170 166 162 159 160 160 157 157 158 156 155 154 154 153 154 153 153 153 152 152 152 152 152 151 151 151 151 150 150 150
200 202 202 200 201 206 211 210 206 204 204 201 202 203 206 208 206 203 205 202 197 194 193 192 194 192 191 191 192 194 195 200 202 197 194 190 189 192 191 184 179 176 177 182 180 179 181 187 184 176 171 169 168 168 170 169 167 170 176 174 170 164 162 166 172 170 165 162 158 158 158 157 156 156 155 155 154 154 154 153 154 153 153 152 152 152 152 153 151 152 151 150 150 150 149
197 199 202 200 201 208 209 209 212 207 201 199 198 202 206 210 209 210 208 203 199 194 191 189 189 190 191 190 190 191 193 199 199 195 190 187 185 188 188 185 180 176 174 179 176 174 179 179 178 173 170 168 168 169 170 171 168 170 172 175 169 161 161 168 171 172 168 162 157 157 157 157 157 156 155 155 155 154 154 154 155 153 153 153 153 154 153 153 151 151 151 151 151 152 151
