Scripts_&_data/Environmental_rasters/Elevation_RABV_CA_04.asc
NCOLS 192 
NROWS 168 
XLLCORNER 100.9998876 
YLLCORNER 8.9999724 
CELLSIZE 0.04166665 
NODATA_value -9999 
[rows 110 to 131 of 168, columns 98 to 146 of 192]
4.03999996185303 4.23999977111816 4.23999977111816 6.11999988555908 4.15999984741211 5.11999988555908 7.3600001335144 5.59999990463257 8 9.31999969482422 8.76000022888184 9.72000026702881 11.2399997711182 10.4799995422363 9 7.88000011444092 7.80000019073486 7.6399998664856 7.6399998664856 5.71999979019165 7.44000005722046 9 10.8400001525879 14 14.7200002670288 110.919998168945 141.320007324219 23.1200008392334 20 21.7600002288818 19.4799995422363 51 41.5200004577637 49.1199989318848 40.7999992370605 48.3199996948242 50.1199989318848 51.560001373291 52.560001373291 49.9199981689453 58.9199981689453 71.5199966430664 74.4400024414062 75.9599990844727 90.6800003051758 99.8000030517578 91.2399978637695 90.879997253418 119.440002441406
3.44000005722046 3.44000005722046 4.23999977111816 5.67999982833862 5 5.44000005722046 3.44000005722046 8.52000045776367 9.27999973297119 9.07999992370605 8.96000003814697 9.19999980926514 9.80000019073486 8.72000026702881 7.15999984741211 7.48000001907349 7.23999977111816 8.03999996185303 8.35999965667725 3.27999997138977 2.20000004768372 5.67999982833862 8.31999969482422 9.23999977111816 9.76000022888184 32.5200004577637 47.7200012207031 21.6000003814697 20.5599994659424 19.5200004577637 44.0400009155273 47.9599990844727 40.2000007629395 38.3199996948242 46.5200004577637 46.1199989318848 48.2799987792969 49.5999984741211 45.8400001525879 48.8800010681152 56.5200004577637 67.8399963378906 66.4000015258789 69.879997253418 82.3600006103516 87.8000030517578 79.1600036621094 87.1600036621094 102.440002441406
4.84000015258789 3.88000011444092 4.80000019073486 4.96000003814697 6.15999984741211 6.15999984741211 4.03999996185303 8.27999973297119 8.80000019073486 9.03999996185303 9.52000045776367 8.4399995803833 7.76000022888184 8.27999973297119 7.76000022888184 7 6.44000005722046 6.11999988555908 4.92000007629395 4.15999984741211 5.88000011444092 4.28000020980835 5.76000022888184 10.1199998855591 10.1599998474121 14.9200000762939 16.1200008392334 18.8400001525879 17.5200004577637 20.7199993133545 20.4799995422363 33.8800010681152 31.3199996948242 28.9599990844727 41.8400001525879 43.7599983215332 50.8800010681152 51.5200004577637 50.8800010681152 48.1199989318848 52.5999984741211 56.7200012207031 59.2000007629395 61.4000015258789 63.7200012207031 69.0400009155273 84.8000030517578 82.879997253418 84.4800033569336
5.11999988555908 4.07999992370605 4.28000020980835 4.19999980926514 6.55999994277954 5 4.23999977111816 10.8400001525879 9.47999954223633 9 8.47999954223633 7.84000015258789 7.19999980926514 8.11999988555908 7.71999979019165 6.88000011444092 5.84000015258789 5.6399998664856 4.84000015258789 4.71999979019165 5.03999996185303 4.88000011444092 1.72000002861023 5.19999980926514 3.48000001907349 12.1999998092651 14.6800003051758 21.5599994659424 16.4400005340576 22 15.8400001525879 24.7600002288818 32.7999992370605 21.5599994659424 41.1199989318848 47.8800010681152 44.5999984741211 54.439998626709 58.5999984741211 47.560001373291 50.0800018310547 51 52.5999984741211 50.560001373291 53.5200004577637 94.879997253418 81.8399963378906 80.4000015258789 82.7200012207031
3.83999991416931 3.35999989509583 4.15999984741211 4.80000019073486 6.23999977111816 4.96000003814697 7.59999990463257 10.8400001525879 7.84000015258789 7.80000019073486 7.92000007629395 7.3600001335144 6 6.11999988555908 6.59999990463257 5.51999998092651 6.07999992370605 5.59999990463257 4.44000005722046 4.96000003814697 5.03999996185303 5.40000009536743 5.6399998664856 3.07999992370605 2.96000003814697 6 13.6000003814697 19.9599990844727 15.6800003051758 17.9599990844727 21.7999992370605 23.2000007629395 28.2800006866455 28.6000003814697 20.8799991607666 39.2799987792969 30.1599998474121 49.8400001525879 56.3199996948242 49.6800003051758 46.2000007629395 45.2799987792969 43.439998626709 31.5200004577637 49.7599983215332 75.1600036621094 79.4800033569336 85.8000030517578 69.8399963378906
5.23999977111816 3.88000011444092 3.92000007629395 4.80000019073486 5.19999980926514 4.67999982833862 7.40000009536743 6.88000011444092 6.44000005722046 6.11999988555908 6.32000017166138 6.84000015258789 6 5.6399998664856 5.44000005722046 5.48000001907349 4.80000019073486 4.84000015258789 4.48000001907349 5.19999980926514 4.92000007629395 5.6399998664856 6.32000017166138 6.59999990463257 4.92000007629395 3.07999992370605 9.03999996185303 12.8000001907349 13.3599996566772 14.3999996185303 18.0799999237061 11.6800003051758 28.2399997711182 27.0799999237061 23.5599994659424 23.4799995422363 23.3199996948242 39.1599998474121 48.2000007629395 52.6399993896484 59.6800003051758 50.2400016784668 55.2400016784668 36.3600006103516 38.5999984741211 58.4799995422363 83.3199996948242 89.9199981689453 60.6800003051758
5.67999982833862 5.55999994277954 4.76000022888184 4.55999994277954 4.40000009536743 3.44000005722046 6.80000019073486 6.55999994277954 5.11999988555908 4.59999990463257 5.96000003814697 7.32000017166138 6.48000001907349 5.19999980926514 4.6399998664856 4.15999984741211 3.59999990463257 4.15999984741211 4.92000007629395 5 5.03999996185303 5.07999992370605 5.3600001335144 5.40000009536743 4.92000007629395 4.11999988555908 4.23999977111816 4.15999984741211 10.8400001525879 12.3199996948242 14.3999996185303 15.039999961853 11.2799997329712 12.3199996948242 26.7199993133545 23.7199993133545 14.2399997711182 33.5999984741211 39.8400001525879 45.5200004577637 59 60.1599998474121 76.4000015258789 53.4799995422363 39.5200004577637 39.1199989318848 64.6399993896484 79.2399978637695 53.2799987792969
4.3600001335144 3.96000003814697 4.88000011444092 4.48000001907349 4.48000001907349 5.03999996185303 5.3600001335144 5.44000005722046 4.88000011444092 5.40000009536743 5.32000017166138 6.88000011444092 6.59999990463257 5.76000022888184 4.44000005722046 4.15999984741211 3.75999999046326 3.88000011444092 5.11999988555908 4.96000003814697 4.96000003814697 5.15999984741211 5.51999998092651 4.84000015258789 3.79999995231628 3.88000011444092 3.83999991416931 2.92000007629395 5.03999996185303 10.4799995422363 13.3999996185303 14.1599998474121 16.7999992370605 21.0400009155273 12.2399997711182 21.0799999237061 10.3199996948242 27.0400009155273 33.8800010681152 32 53.1599998474121 52.6399993896484 45 38.4000015258789 26 28.3999996185303 49.8400001525879 58.4799995422363 53.4000015258789
3.88000011444092 3.79999995231628 4.55999994277954 4.32000017166138 3.75999999046326 3.16000008583069 4.76000022888184 5.32000017166138 4.44000005722046 4.44000005722046 5.80000019073486 6.59999990463257 5.15999984741211 5.19999980926514 4.88000011444092 4.40000009536743 3.35999989509583 3.59999990463257 4.03999996185303 5.76000022888184 5.51999998092651 5.67999982833862 5.32000017166138 5 4.88000011444092 4.88000011444092 2.59999990463257 2.55999994277954 2.79999995231628 5.11999988555908 10.3199996948242 10.6800003051758 12.8000001907349 13.1199998855591 13.8800001144409 9.19999980926514 7.6399998664856 26.6800003051758 34.0800018310547 26.7199993133545 31.5599994659424 11.5600004196167 20.2399997711182 19.2399997711182 15.960000038147 41.9199981689453 43.1599998474121 69.4400024414062 83.2799987792969
3.48000001907349 3.24000000953674 4.07999992370605 2.27999997138977 3.40000009536743 5.3600001335144 6.07999992370605 4.92000007629395 3.83999991416931 5.32000017166138 6.48000001907349 5.11999988555908 3.6800000667572 4.15999984741211 3.75999999046326 2.83999991416931 2.27999997138977 3.48000001907349 3.79999995231628 5.96000003814697 6.15999984741211 5.3600001335144 5.23999977111816 5.84000015258789 5.19999980926514 4.03999996185303 2.48000001907349 3 1.96000003814697 4.80000019073486 5.3600001335144 9.19999980926514 9.84000015258789 8.39999961853027 14.6400003433228 9.68000030517578 2.59999990463257 18.1200008392334 30.5599994659424 20.3199996948242 9.39999961853027 4.76000022888184 15.7200002670288 11.8800001144409 9.19999980926514 24.0799999237061 41.1199989318848 68.7200012207031 100.519996643066
3.27999997138977 2.40000009536743 3.83999991416931 2.75999999046326 3.24000000953674 5.19999980926514 5.23999977111816 5.92000007629395 4.59999990463257 3.11999988555908 4 3.35999989509583 2.72000002861023 2.96000003814697 2.59999990463257 2.59999990463257 1.91999995708466 3.24000000953674 4.71999979019165 5.96000003814697 5.88000011444092 5.80000019073486 5.3600001335144 4.23999977111816 4.23999977111816 2.72000002861023 1.63999998569489 1.72000002861023 1.75999999046326 5.59999990463257 3.27999997138977 4.32000017166138 4.03999996185303 9.80000019073486 8.39999961853027 4.67999982833862 6.03999996185303 6.59999990463257 22.7600002288818 29.6000003814697 5.23999977111816 10.2799997329712 24 43 35.1599998474121 36.560001373291 49.5200004577637 65 94
3.55999994277954 2.64000010490417 3.79999995231628 2.24000000953674 3.55999994277954 4.03999996185303 4.19999980926514 4.11999988555908 3.83999991416931 2.79999995231628 2.16000008583069 2.59999990463257 2.88000011444092 2.24000000953674 2.20000004768372 2.24000000953674 2.3199999332428 3.24000000953674 5.03999996185303 5.6399998664856 5.96000003814697 5.15999984741211 4.3600001335144 3.83999991416931 2.55999994277954 2.72000002861023 1.60000002384186 1.48000001907349 1.60000002384186 1.60000002384186 3.88000011444092 4 1.72000002861023 1.67999994754791 5.84000015258789 2.6800000667572 1.32000005245209 0.959999978542328 6.44000005722046 28.4799995422363 15.7200002670288 3.6800000667572 12.039999961853 37.0800018310547 47.7200012207031 50.2400016784668 67.3199996948242 72.3199996948242 104.279998779297
3.64000010490417 2.96000003814697 3.88000011444092 2.79999995231628 3.44000005722046 3.20000004768372 2.07999992370605 2.16000008583069 2.55999994277954 3.03999996185303 2.64000010490417 2.48000001907349 2.16000008583069 2 2.03999996185303 2.35999989509583 2.40000009536743 2.96000003814697 3.92000007629395 4.19999980926514 4.3600001335144 3.64000010490417 3.11999988555908 2.79999995231628 2.03999996185303 1.87999999523163 1.08000004291534 1.20000004768372 1.24000000953674 1.32000005245209 0.879999995231628 2.55999994277954 3.3199999332428 2.51999998092651 0.800000011920929 1.63999998569489 4.76000022888184 3.79999995231628 2.92000007629395 16.3600006103516 27.4400005340576 9.80000019073486 6.51999998092651 12.039999961853 29.6399993896484 45.560001373291 53.5200004577637 66.4400024414062 91.3199996948242
3.64000010490417 2.72000002861023 3.88000011444092 3.40000009536743 1.96000003814697 2.20000004768372 2.27999997138977 1.51999998092651 2.24000000953674 3.27999997138977 2.35999989509583 2.24000000953674 1.87999999523163 2.55999994277954 2.55999994277954 3.03999996185303 3.16000008583069 3.03999996185303 3.16000008583069 3.44000005722046 3.03999996185303 2.72000002861023 2.35999989509583 2.07999992370605 1.60000002384186 1.08000004291534 0.800000011920929 0.759999990463257 0.479999989271164 0.360000014305115 0.479999989271164 1.72000002861023 2.27999997138977 2.20000004768372 0.720000028610229 3.07999992370605 7.6399998664856 5.92000007629395 2.27999997138977 2.35999989509583 17.2800006866455 14.7200002670288 1.72000002861023 6.03999996185303 36.3600006103516 50.2000007629395 65.4800033569336 63.4000015258789 76.879997253418
3.88000011444092 2.79999995231628 4.03999996185303 3.11999988555908 2.6800000667572 4.11999988555908 3.64000010490417 2 1.87999999523163 2.07999992370605 2.35999989509583 2.11999988555908 1.39999997615814 2.07999992370605 2.88000011444092 3.75999999046326 3.3199999332428 2.75999999046326 2.11999988555908 2.40000009536743 2.48000001907349 1.8400000333786 1.36000001430511 1.32000005245209 1 0.920000016689301 0.560000002384186 0.159999996423721 0.319999992847443 0.519999980926514 0.639999985694885 0.360000014305115 0.839999973773956 2.03999996185303 0.839999973773956 2.83999991416931 3.03999996185303 6.59999990463257 7.55999994277954 1.91999995708466 2.75999999046326 1.24000000953674 1 5.28000020980835 21.3600006103516 34.7999992370605 54.7999992370605 64.9199981689453 86.4000015258789
2.88000011444092 2.59999990463257 2.35999989509583 2.48000001907349 4.19999980926514 4 3 1.87999999523163 1.96000003814697 2 1.91999995708466 1.87999999523163 2.11999988555908 2.75999999046326 3.03999996185303 3.75999999046326 2.35999989509583 1.96000003814697 1.55999994277954 1.72000002861023 2.03999996185303 1 0.879999995231628 0.959999978542328 0.680000007152557 0.119999997317791 0.400000005960464 0.439999997615814 0.959999978542328 0.119999997317791 0.0399999991059303 1.03999996185303 0.879999995231628 0.519999980926514 1.75999999046326 0.920000016689301 2.20000004768372 6.40000009536743 8.60000038146973 1.8400000333786 1.39999997615814 0.800000011920929 0.959999978542328 2.11999988555908 6.92000007629395 17.5200004577637 39.7999992370605 54.8800010681152 70.3600006103516
1.87999999523163 2.20000004768372 1.67999994754791 2.51999998092651 3.96000003814697 3.75999999046326 2.83999991416931 2.44000005722046 1.24000000953674 2.11999988555908 2.72000002861023 3.20000004768372 3.11999988555908 2.07999992370605 1.8400000333786 1.96000003814697 2.44000005722046 2.07999992370605 1.55999994277954 2.03999996185303 1.55999994277954 1.72000002861023 0.920000016689301 0.680000007152557 0.159999996423721 0.639999985694885 0.759999990463257 0.680000007152557 0 0.439999997615814 0.439999997615814 0.479999989271164 1.27999997138977 0.720000028610229 0.239999994635582 0.319999992847443 1.87999999523163 3.16000008583069 1.91999995708466 1.72000002861023 0.680000007152557 3.51999998092651 13.1999998092651 22.5200004577637 23.1599998474121 6.23999977111816 19.2399997711182 53.2400016784668 62.1599998474121
1.72000002861023 2.75999999046326 3.03999996185303 2.11999988555908 1.51999998092651 1.96000003814697 3.11999988555908 2.72000002861023 2.48000001907349 2.64000010490417 3.40000009536743 3.48000001907349 2 1.48000001907349 1.91999995708466 1.8400000333786 2.11999988555908 2 2.40000009536743 2.75999999046326 2 0.920000016689301 0.439999997615814 0.720000028610229 1.24000000953674 1.39999997615814 1.32000005245209 0.800000011920929 0.639999985694885 0.119999997317791 0.439999997615814 0.800000011920929 0.720000028610229 0.319999992847443 0.839999973773956 1.24000000953674 1.48000001907349 1.20000004768372 1.8400000333786 1.87999999523163 1.1599999666214 2.72000002861023 7.23999977111816 14.8400001525879 20.2000007629395 4.15999984741211 14.6400003433228 39.8800010681152 47.8800010681152
1.51999998092651 1.32000005245209 2.72000002861023 1.8400000333786 1.48000001907349 1.91999995708466 2.88000011444092 3.44000005722046 3.27999997138977 2.48000001907349 2.24000000953674 1.96000003814697 1.87999999523163 1.67999994754791 1.60000002384186 2.16000008583069 3.20000004768372 3.75999999046326 3.07999992370605 2.40000009536743 1.8400000333786 1.79999995231628 1 0.959999978542328 1.24000000953674 0.759999990463257 1.67999994754791 0.800000011920929 0.800000011920929 0.959999978542328 0.0399999991059303 0.200000002980232 1 1.79999995231628 1.44000005722046 1.24000000953674 1.39999997615814 1.51999998092651 2 2.44000005722046 1.55999994277954 1.1599999666214 2.44000005722046 2.83999991416931 6.07999992370605 3.64000010490417 6.88000011444092 17.6399993896484 45.1599998474121
1.08000004291534 1.32000005245209 1.48000001907349 2.03999996185303 1.87999999523163 2.6800000667572 4.03999996185303 3.27999997138977 2.79999995231628 1.96000003814697 2.11999988555908 1.79999995231628 2.03999996185303 1.75999999046326 2.51999998092651 3.3199999332428 3.88000011444092 3.16000008583069 2.3199999332428 2 2.35999989509583 3.16000008583069 1.96000003814697 1.48000001907349 1.32000005245209 1 0.839999973773956 1 0.560000002384186 0.159999996423721 0.600000023841858 1.27999997138977 1.1599999666214 1 1.1599999666214 1.32000005245209 1.36000001430511 1.60000002384186 2.20000004768372 1.96000003814697 1.24000000953674 2.03999996185303 2.07999992370605 4.76000022888184 5.71999979019165 4.07999992370605 2.96000003814697 14.8800001144409 80.5599975585938
1.1599999666214 1.08000004291534 1.08000004291534 2.51999998092651 3.27999997138977 3.44000005722046 3.40000009536743 3.59999990463257 3.35999989509583 3.55999994277954 1.87999999523163 1.36000001430511 2.88000011444092 3.24000000953674 3.35999989509583 3.59999990463257 3.59999990463257 2.79999995231628 2.83999991416931 3 2.75999999046326 2.40000009536743 2.24000000953674 2.16000008583069 1.63999998569489 1.39999997615814 1.20000004768372 0.439999997615814 0.479999989271164 0.759999990463257 1.20000004768372 1.20000004768372 0.959999978542328 1.08000004291534 1.12000000476837 1.36000001430511 1.55999994277954 1.12000000476837 1.72000002861023 1.24000000953674 1.55999994277954 5.15999984741211 6.3600001335144 5.59999990463257 4.76000022888184 3.35999989509583 2.88000011444092 13.3999996185303 72.2399978637695
1.08000004291534 1.48000001907349 1.96000003814697 2.48000001907349 2.16000008583069 3.27999997138977 2.72000002861023 2.59999990463257 2.6800000667572 2.20000004768372 3 4.40000009536743 4.11999988555908 3.83999991416931 3.24000000953674 2.96000003814697 3.16000008583069 3.75999999046326 3.35999989509583 2.79999995231628 3.07999992370605 3.35999989509583 3.03999996185303 2.24000000953674 1.87999999523163 1.32000005245209 1 1.03999996185303 1.51999998092651 0.920000016689301 0.759999990463257 1.48000001907349 1.36000001430511 1.36000001430511 1.67999994754791 1.24000000953674 0.879999995231628 1.03999996185303 1.51999998092651 0.959999978542328 1.72000002861023 7.55999994277954 6.80000019073486 5.28000020980835 2.64000010490417 1.51999998092651 2.07999992370605 2.55999994277954 36.6800003051758
