Scripts_&_data/Environmental_rasters/Elevation_RABV_CA_008.asc
NCOLS 960 
NROWS 840 
XLLCORNER 100.9998876 
YLLCORNER 8.9999724 
CELLSIZE 0.00833333000000001 
NODATA_value -9999 
[rows 215 to 257 of 840, columns 95 to 189 of 960]
268 166 153 183 223 283 345 331 290 259 235 97 74 76 97 90 91 116 150 203 346 382 458 556 700 769 787 854 875 880 806 716 700 626 537 646 752 681 729 745 588 537 544 645 741 695 626 569 551 539 574 707 736 666 561 560 633 699 650 592 571 588 604 621 593 540 541 558 647 603 576 511 427 496 562 524 538 514 456 518 536 491 500 472 442 432 441 428 406 394 380 369 355 342 344
236 155 90 130 140 178 217 210 203 253 297 169 101 159 167 195 170 158 177 234 272 253 338 431 511 528 594 689 871 914 842 735 648 551 597 701 772 759 786 692 581 668 554 619 735 646 580 698 668 635 572 619 700 616 549 563 683 666 660 593 676 686 669 654 651 630 665 607 660 614 575 625 538 497 565 592 571 507 506 553 542 523 517 509 472 461 439 411 402 386 376 364 356 358 352
172 132 64 85 77 110 150 147 126 169 191 154 157 215 239 328 424 380 303 235 251 242 255 296 316 345 432 519 633 829 876 810 767 630 708 771 806 769 710 668 731 685 548 604 752 723 635 573 727 713 651 580 644 749 676 669 706 675 641 611 663 695 700 685 706 688 679 628 647 605 644 600 490 538 588 568 526 504 571 561 525 521 481 513 501 476 415 428 410 397 407 391 375 373 364
109 92 58 41 45 59 90 98 112 136 152 150 102 172 279 347 321 330 365 304 301 247 208 175 193 212 296 359 429 556 657 755 755 723 772 805 834 788 777 759 747 596 604 709 790 809 714 536 666 749 748 666 697 701 685 717 734 739 679 649 670 665 675 701 704 701 673 684 662 621 615 589 513 514 575 560 556 518 579 547 527 542 514 453 428 425 437 462 448 439 429 415 388 398 385
51 45 39 35 42 48 57 65 95 89 101 97 72 158 228 253 211 240 286 355 422 364 245 175 157 168 188 201 248 380 468 558 709 778 757 772 791 795 786 750 621 555 552 648 771 780 609 489 563 665 726 681 666 678 657 651 661 657 691 719 722 660 674 713 677 676 684 682 675 641 629 615 624 556 574 585 572 578 558 573 557 564 499 458 480 452 475 472 461 463 449 427 421 417 403
35 30 29 31 33 44 68 52 64 74 54 51 86 146 174 176 135 208 220 294 306 294 285 275 212 152 158 145 164 260 312 416 557 754 810 807 791 765 660 619 586 552 545 606 721 768 596 480 615 700 751 680 688 738 727 706 707 710 695 688 690 709 669 665 676 670 705 717 722 676 638 630 622 597 619 660 611 628 623 614 603 543 479 518 507 501 499 485 477 469 453 449 447 432 434
30 30 37 41 40 45 59 51 52 55 47 58 81 111 118 106 97 140 174 243 200 237 281 288 318 307 233 188 138 150 207 299 446 512 569 638 745 779 697 728 724 638 566 697 744 733 527 453 483 580 739 681 704 732 704 704 682 696 716 687 685 667 661 667 686 675 700 713 728 697 682 648 645 656 641 662 670 636 623 584 578 545 543 547 524 527 515 495 490 480 474 468 461 460 452
25 27 31 41 45 51 48 43 48 46 56 58 66 68 73 51 83 148 184 199 157 199 280 325 326 355 367 348 196 131 153 231 319 334 444 544 621 716 762 745 721 607 630 699 718 662 559 497 474 506 649 719 702 731 727 729 743 743 683 697 685 733 703 677 668 670 669 685 683 677 655 671 692 685 624 645 669 655 644 637 622 578 554 568 558 549 529 513 507 502 497 485 472 456 387
28 29 34 37 35 38 40 40 39 45 49 50 53 55 60 41 112 170 148 142 109 150 243 259 276 250 267 290 248 170 208 230 231 267 499 597 612 638 548 532 622 665 686 694 661 535 474 470 471 439 491 532 540 553 623 721 691 689 714 777 746 717 695 704 678 696 694 700 666 613 614 652 695 695 619 649 659 666 642 652 639 581 566 574 581 571 542 515 515 516 511 498 477 402 240
28 30 32 31 32 32 34 37 39 48 51 49 47 46 46 54 85 97 124 71 60 131 160 184 217 161 207 252 146 215 252 306 244 271 435 446 555 470 368 378 408 450 469 459 435 402 362 365 395 384 377 384 409 454 487 576 660 732 742 727 764 747 726 714 720 694 707 716 657 648 641 618 624 561 554 612 639 656 598 627 606 601 572 548 553 578 541 493 473 495 488 499 452 313 179
28 28 30 32 33 34 35 36 37 41 44 47 57 48 37 46 63 55 78 42 61 71 80 135 153 139 154 204 160 121 152 214 274 346 373 388 457 368 268 265 278 297 289 304 322 300 243 260 276 267 248 236 370 437 541 646 716 732 744 733 718 733 720 719 713 700 688 665 601 630 620 612 549 483 596 584 597 618 576 600 591 566 565 525 549 559 549 520 380 335 328 323 255 215 157
32 28 29 32 33 35 37 41 39 37 36 40 47 51 34 42 58 47 44 44 45 45 44 54 56 78 74 117 131 104 212 260 283 341 387 338 384 273 184 180 183 182 188 175 188 187 174 182 182 175 175 183 291 433 565 721 762 760 746 698 661 676 705 683 687 673 670 643 567 548 543 560 579 490 544 518 508 521 566 567 540 521 520 410 531 522 526 468 356 230 213 185 161 156 150
27 29 30 31 33 34 36 39 40 36 34 37 36 45 38 44 44 40 34 38 39 42 40 43 38 38 38 41 38 71 88 107 126 171 199 169 223 270 212 198 165 158 161 163 168 174 170 174 171 167 174 177 225 330 438 515 603 729 709 702 674 658 705 672 648 670 665 651 592 546 502 479 470 421 457 470 406 494 536 487 407 400 421 321 420 450 436 357 344 350 360 243 158 152 148
27 28 30 29 31 33 33 33 38 34 33 32 32 32 31 32 30 30 32 32 31 34 33 34 34 32 32 33 35 37 40 49 48 52 49 62 101 141 160 201 187 207 197 170 164 164 166 164 165 165 170 174 180 224 284 393 514 684 655 668 681 633 637 632 659 656 628 599 607 570 513 439 416 389 344 320 334 379 435 448 321 336 397 281 325 414 439 441 414 368 287 221 150 154 173
26 25 26 28 30 31 30 31 33 32 35 29 30 30 31 29 27 28 31 29 29 31 30 30 31 29 32 33 34 33 36 42 43 44 41 56 82 94 120 136 183 231 246 242 326 307 248 211 188 179 178 178 182 193 210 326 442 603 620 580 614 647 610 615 627 596 595 573 543 491 437 433 402 353 335 278 273 274 281 272 244 250 249 228 281 313 322 324 228 195 156 146 151 220 306
21 22 23 26 29 30 28 30 28 30 30 27 29 26 29 26 25 27 32 37 27 29 27 28 28 29 31 33 37 39 36 35 51 60 69 74 121 122 123 153 186 249 283 306 369 381 427 436 405 340 275 218 194 211 272 386 482 585 626 533 559 583 587 567 583 568 573 510 452 410 355 413 473 431 402 294 251 260 216 211 202 201 180 176 208 216 177 183 165 144 138 137 160 263 420
19 20 23 27 30 28 26 26 28 28 26 25 25 23 25 24 26 27 31 33 31 30 31 34 38 37 38 46 52 39 46 46 57 107 155 196 161 123 136 159 195 257 284 329 351 348 393 426 484 517 492 409 334 315 369 455 454 487 527 506 506 507 528 543 533 521 470 411 357 316 321 477 477 406 315 257 193 204 200 190 183 180 172 163 172 168 158 149 146 141 136 131 133 158 263
16 23 25 25 26 27 24 25 26 26 25 22 21 22 24 26 25 27 41 46 52 49 44 49 53 45 45 47 68 67 75 81 49 42 124 269 212 175 158 209 238 253 308 297 335 302 386 388 406 410 405 380 430 448 451 427 430 410 407 404 387 394 425 456 471 449 399 349 324 330 307 347 335 314 184 185 138 136 189 201 190 184 200 206 203 243 274 198 180 164 138 132 128 133 176
17 21 20 23 22 25 24 21 21 24 20 22 20 22 23 25 28 29 44 63 73 61 50 51 48 49 45 56 113 106 108 129 137 51 88 119 145 199 198 151 197 235 267 250 235 220 283 265 259 259 271 291 352 343 378 380 420 427 434 415 417 463 396 382 358 347 332 318 336 399 386 326 302 196 188 130 117 123 195 206 221 251 294 319 339 396 412 330 253 301 198 131 126 125 124
16 17 16 19 18 23 22 19 21 23 20 20 22 26 29 31 38 34 36 45 64 80 59 53 58 64 51 55 69 103 141 157 187 118 81 85 95 82 99 81 108 145 133 129 147 180 173 164 178 182 207 232 245 253 281 304 354 421 438 414 421 499 528 542 387 336 329 330 330 347 357 309 246 149 111 100 101 108 169 259 333 397 448 488 530 487 378 376 290 366 279 142 126 123 121
16 17 15 16 16 19 21 18 19 20 22 25 33 35 39 41 45 37 50 53 45 49 50 54 57 63 72 72 102 105 99 125 159 169 133 154 157 111 110 102 82 86 112 147 138 146 161 160 167 166 184 201 234 265 274 336 328 365 414 434 447 529 587 555 517 470 436 432 366 357 340 277 143 130 114 93 95 105 187 287 480 579 597 589 560 434 401 382 311 355 331 211 139 124 120
16 18 16 16 17 18 17 17 19 21 24 38 40 46 58 61 52 56 54 62 69 100 98 67 55 68 64 50 52 52 52 57 57 58 59 83 126 198 210 191 171 150 173 173 153 155 161 176 175 187 225 243 290 330 353 410 439 444 462 472 478 572 609 607 617 604 588 586 498 485 382 265 113 98 95 90 93 98 137 291 361 398 425 447 422 331 315 307 290 313 333 295 202 153 120
18 19 19 19 18 19 19 20 22 30 33 54 110 173 208 207 137 84 86 107 114 55 43 41 41 43 39 40 41 45 43 39 40 41 45 49 54 94 184 263 306 292 290 243 194 187 168 191 208 246 293 373 386 439 405 403 492 528 521 533 560 597 610 587 602 613 630 635 591 491 359 207 103 91 90 90 90 91 114 217 247 246 251 265 236 269 378 414 354 443 519 489 397 274 136
20 20 20 21 22 23 24 35 37 67 61 81 89 95 85 75 50 43 42 41 38 39 43 44 38 38 36 38 41 41 37 39 44 44 44 46 49 54 63 89 166 273 391 367 307 270 242 257 277 303 372 398 392 450 466 441 435 485 517 548 581 455 490 517 449 562 600 489 408 341 251 136 111 115 118 97 90 96 123 145 137 126 141 194 287 380 399 352 344 374 427 493 497 335 145
19 23 23 26 26 26 26 32 33 43 46 49 42 47 46 41 35 36 37 40 39 36 40 35 33 33 37 40 40 36 38 41 43 47 47 47 48 51 57 62 75 122 219 314 403 396 322 293 275 242 277 342 368 423 426 425 405 437 457 533 439 318 366 468 341 448 443 367 307 249 226 198 163 143 128 102 92 102 113 125 114 116 174 323 397 342 274 247 222 260 326 410 384 247 145
17 20 19 20 22 24 26 31 35 39 41 42 37 42 43 41 39 34 37 42 38 33 32 31 33 35 35 35 34 34 37 39 41 44 46 50 51 52 54 59 68 88 119 151 270 405 344 301 287 205 261 336 372 361 324 355 349 402 407 450 418 343 297 416 321 344 286 246 206 182 160 149 133 108 110 99 96 100 112 101 148 136 269 396 338 268 204 163 151 228 368 439 333 222 158
17 17 18 20 21 24 26 29 33 34 36 37 36 38 43 43 41 32 34 42 45 37 29 29 31 39 36 33 32 37 38 42 40 42 45 49 84 79 82 75 71 88 155 218 158 269 258 207 240 157 195 215 209 176 163 195 199 217 250 257 266 250 282 320 271 287 242 176 150 170 159 137 121 110 94 84 80 84 89 89 125 147 326 374 258 181 134 127 123 157 223 223 167 156 154
16 18 19 21 22 24 24 26 29 30 31 32 32 30 38 38 39 33 32 40 41 38 29 27 38 36 33 31 34 37 40 38 45 50 54 54 59 74 73 90 123 169 208 213 131 141 130 95 95 79 91 92 92 85 80 91 84 96 120 130 152 209 300 280 231 253 142 105 109 116 116 127 119 101 89 78 77 80 92 94 94 113 219 254 156 124 112 121 117 119 123 126 122 133 130
17 19 20 24 24 24 24 24 26 29 34 36 28 28 30 34 36 30 31 38 40 31 28 29 31 31 29 32 32 36 37 42 44 48 57 60 53 56 54 56 63 68 83 92 79 74 66 69 67 68 67 70 69 69 74 84 76 86 91 102 127 202 206 178 135 115 103 91 102 102 98 100 90 84 79 74 76 79 91 99 101 106 163 151 129 112 106 109 105 107 107 108 109 112 120
17 17 19 23 25 27 26 26 27 28 28 28 25 27 27 29 35 26 32 41 40 29 25 28 27 28 27 28 31 33 38 41 48 52 51 51 50 49 52 57 59 57 63 69 66 64 61 61 61 62 59 60 61 65 66 66 73 95 92 91 112 120 130 115 90 88 100 89 93 92 88 93 83 77 74 74 76 81 87 93 103 114 125 123 114 106 100 100 100 99 100 102 105 109 113
15 14 16 17 20 23 24 26 27 26 23 23 25 24 26 25 31 25 26 34 33 29 26 25 28 31 33 32 37 37 41 47 50 50 51 43 45 47 54 59 53 54 69 71 60 57 56 59 61 59 54 56 59 59 62 67 78 81 81 91 90 104 117 110 88 85 88 90 83 88 80 89 78 72 72 74 77 90 99 106 110 115 112 113 108 103 96 95 96 95 99 108 113 117 131
16 16 18 21 24 24 27 28 29 27 23 19 20 21 21 20 23 29 22 31 27 24 24 25 34 35 36 38 41 43 43 40 40 46 46 40 43 44 47 52 49 54 63 67 57 53 54 61 66 58 53 54 55 58 64 74 77 76 76 79 84 95 122 118 101 89 83 78 83 90 77 87 76 71 72 72 77 85 91 97 99 100 102 106 106 103 95 91 92 99 113 128 152 151 137
15 16 15 14 18 24 24 25 26 26 28 26 18 18 19 21 22 22 22 24 23 24 24 25 30 35 32 36 38 41 39 35 37 41 43 38 39 40 46 53 46 47 57 60 57 51 52 55 53 52 54 62 65 66 69 67 73 72 74 75 89 92 102 112 112 97 92 85 73 80 72 71 69 70 71 73 79 81 89 96 98 98 103 112 110 100 93 89 91 95 103 147 214 233 222
16 17 15 14 19 21 23 23 22 23 23 29 28 18 19 24 23 21 21 23 22 25 28 23 28 29 25 29 36 32 35 33 34 35 43 40 36 41 49 49 44 47 56 55 53 49 51 50 50 53 61 61 64 65 68 67 68 68 72 70 76 79 88 94 93 86 78 83 72 69 67 68 68 69 70 78 88 93 93 98 95 94 100 106 102 95 92 88 87 89 89 93 99 103 112
18 20 18 16 19 20 27 23 20 17 18 20 25 21 18 20 23 24 23 26 25 26 25 23 23 22 23 26 26 26 29 31 30 31 38 38 35 44 46 42 42 44 51 59 52 48 48 47 49 56 62 55 57 63 65 63 64 69 70 66 65 71 73 84 86 81 72 76 79 66 65 66 68 73 77 80 89 91 93 92 91 93 94 96 97 97 93 86 85 85 84 87 88 88 88
19 20 20 17 17 19 21 19 18 19 19 21 21 19 19 20 24 25 26 26 26 27 28 27 26 25 26 29 27 27 27 27 29 29 32 33 35 43 40 38 43 47 50 61 51 46 45 46 49 57 53 53 56 63 60 61 66 67 63 61 62 65 69 68 76 78 72 70 70 64 66 67 69 74 80 83 87 89 89 87 86 87 87 88 91 94 91 84 83 82 81 81 82 82 84
21 21 22 20 15 16 17 16 19 19 21 21 19 21 21 22 22 24 23 24 26 26 27 29 30 27 26 28 30 31 30 30 32 30 29 31 36 38 36 37 41 44 52 59 52 44 45 46 52 49 51 54 55 60 58 57 62 61 57 59 65 76 68 65 63 75 73 64 62 63 69 73 75 76 81 84 83 82 85 85 86 90 93 94 96 96 88 88 88 83 79 79 79 78 79
23 25 24 22 21 16 18 15 16 19 21 22 25 28 27 28 23 22 24 25 24 25 26 28 32 31 28 27 28 28 28 31 32 32 32 31 32 33 36 41 48 52 51 53 52 44 43 46 48 48 62 70 61 60 56 55 63 54 60 65 66 65 62 63 59 65 67 61 66 73 75 76 77 79 81 78 79 81 90 91 97 102 105 106 106 103 97 102 99 93 81 77 74 76 75
26 32 28 23 23 17 20 17 17 26 23 24 25 27 31 32 32 30 26 26 27 27 26 27 30 32 32 34 28 28 31 30 29 29 31 33 35 37 42 48 50 49 44 52 49 45 42 48 46 54 77 79 64 61 55 56 58 53 60 60 57 58 57 57 58 59 60 64 68 77 81 76 74 76 77 77 81 85 83 93 106 111 112 112 112 109 108 111 108 95 85 80 73 72 71
23 28 35 28 24 23 18 18 19 19 24 28 30 28 27 31 33 34 31 27 29 31 31 27 27 35 36 35 32 30 32 33 33 33 30 32 34 37 41 45 51 44 41 51 45 42 44 45 47 65 84 84 60 56 51 53 56 50 53 55 54 55 55 57 57 58 66 73 73 77 75 74 75 75 75 83 82 82 84 90 104 108 107 108 111 111 111 112 105 95 89 80 74 72 70
26 27 34 31 34 30 26 18 21 19 20 24 29 30 28 29 32 34 34 32 29 31 31 31 29 29 35 36 36 36 34 34 32 31 32 31 33 39 39 46 50 45 37 46 40 40 47 42 51 72 77 77 60 50 51 58 53 51 55 54 53 54 55 58 70 70 74 72 72 74 73 73 74 73 75 87 92 90 92 89 96 94 94 94 101 102 104 105 95 86 81 77 73 70 68
33 29 31 37 40 36 31 20 22 20 21 25 26 28 30 29 32 31 31 30 28 30 32 33 30 30 31 34 36 38 37 38 37 33 36 31 33 35 40 43 43 37 41 46 39 40 41 46 49 67 64 64 56 49 54 53 49 54 52 53 55 59 59 62 68 70 72 71 71 71 71 72 74 73 77 89 97 94 97 91 91 84 82 82 85 87 88 93 87 82 77 74 71 69 67
35 36 36 33 32 30 23 21 27 24 22 22 24 29 31 33 30 30 32 33 32 34 34 34 34 31 32 31 32 35 37 39 40 36 35 33 33 33 35 35 36 38 38 38 40 44 46 46 44 47 47 49 51 47 49 49 50 51 55 60 67 76 68 60 66 69 71 71 69 70 73 80 84 80 81 86 86 90 88 87 91 86 77 82 83 81 81 82 81 78 74 73 71 69 68
