Scripts_&_data/Environmental_rasters/Elevation_RABV_CA_04.asc
NCOLS 192 
NROWS 168 
XLLCORNER 100.9998876 
YLLCORNER 8.9999724 
CELLSIZE 0.04166665 
NODATA_value -9999 
[rows 110 to 131 of 168, columns 49 to 97 of 192]
-9999 26.8400001525879 82.4400024414062 20.7999992370605 19.2800006866455 35.9599990844727 101.400001525879 86.879997253418 77.6800003051758 114.040000915527 175.119995117188 115.040000915527 127.120002746582 121.120002746582 209.960006713867 59.6399993896484 24.7199993133545 248.240005493164 391.239990234375 252.279998779297 253.479995727539 442.320007324219 302.600006103516 476.279998779297 343.559997558594 129.839996337891 79.120002746582 71.120002746582 68.3199996948242 61.0800018310547 57.3600006103516 84.4000015258789 64.0400009155273 49.7999992370605 60.0400009155273 57.1599998474121 64.4400024414062 46 34.9599990844727 28.9599990844727 23.1599998474121 18.5200004577637 14.6000003814697 11.3599996566772 9.52000045776367 6.6399998664856 5.80000019073486 7.67999982833862 5.03999996185303
-9999 6.32000017166138 19.3600006103516 32.9599990844727 27.0400009155273 18.5200004577637 49.8800010681152 37.8800010681152 44.560001373291 36.439998626709 53.0800018310547 40.5200004577637 52.439998626709 76.0800018310547 183.360000610352 218.720001220703 19.8799991607666 183.399993896484 461.320007324219 466.239990234375 470.320007324219 574.280029296875 640.159973144531 696.159973144531 676.440002441406 386.600006103516 97.5199966430664 96.9599990844727 81.2399978637695 67.2799987792969 65.7200012207031 85.0400009155273 102.120002746582 105.440002441406 120.440002441406 70.9199981689453 145.440002441406 78.2799987792969 43.9599990844727 35.1599998474121 26.3199996948242 19.6000003814697 15.3999996185303 10.0799999237061 8.11999988555908 4.76000022888184 6.88000011444092 7.71999979019165 5.71999979019165
-9999 -9999 31.1599998474121 75.3600006103516 35.2400016784668 24.7199993133545 55.4799995422363 101.879997253418 53.7200012207031 50.9199981689453 24.3199996948242 10.3599996566772 18.6000003814697 53.9599990844727 118.559997558594 145.960006713867 18.7999992370605 170.479995727539 382.880004882812 497.160003662109 643.159973144531 733.52001953125 730.119995117188 720.679992675781 639.280029296875 385.799987792969 112.919998168945 101.639999389648 85.5599975585938 73 73.7200012207031 107.400001525879 222.919998168945 93.9599990844727 201.199996948242 284.440002441406 118.400001525879 70.4800033569336 44.6800003051758 35.2799987792969 26.4799995422363 38.9599990844727 42.7999992370605 10.5200004577637 7.51999998092651 3.16000008583069 6.32000017166138 6.19999980926514 8
-9999 27.6000003814697 61.1599998474121 105.919998168945 137.880004882812 34.3600006103516 33.1599998474121 112.080001831055 159 152.679992675781 56.1599998474121 46.3199996948242 67.120002746582 125.680000305176 183.679992675781 128.199996948242 17 131.720001220703 342.640014648438 434.640014648438 509.119995117188 677.119995117188 696.159973144531 636.039978027344 491.679992675781 262.399993896484 117.879997253418 106.959999084473 88.5199966430664 76.2399978637695 74.9199981689453 89.2799987792969 87.0400009155273 80.3199996948242 119.680000305176 123.559997558594 208.679992675781 202.399993896484 42.560001373291 31.3600006103516 24.5599994659424 24.0799999237061 19.7199993133545 8.4399995803833 6.23999977111816 6.59999990463257 3.92000007629395 6.15999984741211 6.48000001907349
-9999 50.7599983215332 124.800003051758 133.360000610352 218.039993286133 65.0400009155273 44.2000007629395 96.9599990844727 125.800003051758 48.5999984741211 18.4400005340576 34.3600006103516 30.7999992370605 25.0400009155273 50.3199996948242 82.879997253418 35.560001373291 24.2000007629395 141.160003662109 244.160003662109 455.600006103516 420.480010986328 498.079986572266 456.959991455078 481.279998779297 236.720001220703 118.720001220703 107.160003662109 85.6800003051758 81.7200012207031 92.120002746582 81.7200012207031 75.5199966430664 77.2799987792969 75.5599975585938 76.6800003051758 59.9199981689453 57.4799995422363 36.6399993896484 27.2800006866455 18.8400001525879 12.4399995803833 8.4399995803833 10.9200000762939 8.5600004196167 6.07999992370605 4.67999982833862 6.67999982833862 5.48000001907349
-9999 5.71999979019165 48.439998626709 150.039993286133 211.720001220703 89.4800033569336 38.439998626709 32.9199981689453 95.2799987792969 25.1200008392334 6.3600001335144 7.96000003814697 12 9.03999996185303 14.5600004196167 34.5999984741211 88 9.52000045776367 9.96000003814697 85.4400024414062 222.639999389648 152.960006713867 142.559997558594 109.040000915527 227.559997558594 259.440002441406 124.959999084473 98.0800018310547 92.8399963378906 108.319999694824 102.559997558594 78.5999984741211 72.9199981689453 83.5599975585938 51.0800018310547 51.7599983215332 42.439998626709 38 29.6000003814697 21.4799995422363 14.0799999237061 9.5600004196167 11.2399997711182 8.07999992370605 8.64000034332275 7.80000019073486 5.15999984741211 5.88000011444092 7.11999988555908
-9999 -9999 18.0799999237061 147.720001220703 160.320007324219 60.7599983215332 44.7200012207031 28 46.2400016784668 21.4400005340576 4.3600001335144 -9999 -9999 17.9200000762939 12.1999998092651 7.3600001335144 8.72000026702881 26.7600002288818 5.92000007629395 26.8799991607666 43.9199981689453 17.2399997711182 36.1599998474121 60.3199996948242 247.679992675781 247.559997558594 129.080001831055 104.23999786377 111.160003662109 195.559997558594 94 72.5199966430664 60.5999984741211 51.1199989318848 42.6800003051758 36.7999992370605 34.0400009155273 30.6399993896484 25 18.3999996185303 12.7600002288818 8.64000034332275 6.67999982833862 6.11999988555908 8.4399995803833 7.96000003814697 5.67999982833862 4.40000009536743 6.84000015258789
-9999 -9999 17.7999992370605 73.7600021362305 140.399993896484 47.560001373291 38.560001373291 34.0400009155273 29.9200000762939 11.039999961853 -9999 -9999 -9999 8.76000022888184 11.1599998474121 5.76000022888184 3.40000009536743 27.3999996185303 6.48000001907349 31.0799999237061 33.1599998474121 21.3199996948242 153.880004882812 235.800003051758 340.119995117188 329.160003662109 147.600006103516 91.2799987792969 109.360000610352 252.759994506836 103.76000213623 75.6399993896484 71.4400024414062 49.439998626709 39.439998626709 32.439998626709 27.8400001525879 23.8400001525879 20.4400005340576 16.2399997711182 12.5200004577637 8.19999980926514 7.71999979019165 4 7.11999988555908 7.48000001907349 3.6800000667572 4.3600001335144 6.40000009536743
-9999 20 63.2000007629395 77.2799987792969 122.559997558594 28.7999992370605 16.4400005340576 10.8800001144409 65.9599990844727 28.0799999237061 -9999 -9999 -9999 -9999 -9999 4.84000015258789 6.80000019073486 35.4000015258789 12.1199998855591 17.9200000762939 7.3600001335144 164.119995117188 717.239990234375 730.559997558594 691.960021972656 301.160003662109 185.199996948242 94.3199996948242 94 176.600006103516 353.399993896484 209.399993896484 107.120002746582 55.4799995422363 43.6800003051758 41.2799987792969 30.3999996185303 23.0400009155273 19.3999996185303 15.8400001525879 11.8400001525879 6.88000011444092 4.59999990463257 2.27999997138977 5.59999990463257 6.3600001335144 3.35999989509583 2.51999998092651 5.80000019073486
-9999 -9999 43.1599998474121 46.560001373291 69.4800033569336 35.8800010681152 14.039999961853 21.9200000762939 43.0800018310547 -9999 -9999 -9999 -9999 -9999 -9999 13.3999996185303 35.4000015258789 31.8400001525879 21.9200000762939 45.4799995422363 7.80000019073486 151.600006103516 737.119995117188 776.200012207031 716 315.320007324219 116.199996948242 122.23999786377 79.7200012207031 173.679992675781 430.359985351562 329.480010986328 131.600006103516 62.6800003051758 86.879997253418 171.800003051758 39.9599990844727 24.2399997711182 17.6399993896484 14.039999961853 10.6000003814697 6.92000007629395 4.07999992370605 2.44000005722046 3.55999994277954 3.55999994277954 3.48000001907349 2.3199999332428 5.32000017166138
-9999 -9999 123 73.879997253418 34 36.7200012207031 19.7199993133545 43.0400009155273 34.8400001525879 -9999 -9999 -9999 -9999 -9999 -9999 9.92000007629395 30.9599990844727 57.560001373291 27.5599994659424 48.1599998474121 13.6000003814697 138.360000610352 701.159973144531 726.400024414062 635.960021972656 319.839996337891 100.919998168945 93.0800018310547 54.1199989318848 115.879997253418 321.720001220703 259.359985351562 151.039993286133 59 68.6800003051758 156 56.1599998474121 25 14.6000003814697 13.960000038147 13.6800003051758 8.64000034332275 4.80000019073486 3.83999991416931 2.07999992370605 2.20000004768372 4.3600001335144 2.88000011444092 4.3600001335144
-9999 25.5599994659424 66.6399993896484 55.0800018310547 11.039999961853 8.52000045776367 17.2800006866455 47.7200012207031 16.3999996185303 -9999 -9999 -9999 -9999 -9999 -9999 -9999 27.4799995422363 56.6399993896484 55 75.0400009155273 21.2800006866455 74.4400024414062 649.840026855469 657.320007324219 535.840026855469 263.640014648438 114.919998168945 92.2399978637695 49.2400016784668 59.3600006103516 93.6399993896484 129.399993896484 72 49 83.2799987792969 108.360000610352 65.5199966430664 23.8799991607666 12.4799995422363 10.3599996566772 12.6000003814697 8.60000038146973 6.51999998092651 7.15999984741211 4 2.44000005722046 5.55999994277954 2.20000004768372 4.23999977111816
-9999 -9999 27.1200008392334 12.1999998092651 -9999 -9999 -9999 13.2399997711182 21.1200008392334 -9999 -9999 -9999 -9999 -9999 -9999 -9999 11.0799999237061 63.560001373291 28.8400001525879 42.6800003051758 150 535.719970703125 497.519989013672 537.080017089844 517.599975585938 289.799987792969 68.2399978637695 64.4400024414062 31.3600006103516 31.1200008392334 43.3199996948242 74.4400024414062 52.4000015258789 40.0800018310547 42.9199981689453 107.279998779297 40.7599983215332 21.3600006103516 10.960000038147 7.48000001907349 11.2399997711182 13.6800003051758 7.59999990463257 6.92000007629395 5.11999988555908 2.59999990463257 1.51999998092651 1.51999998092651 3.16000008583069
-9999 -9999 -9999 -9999 -9999 -9999 -9999 -9999 -9999 -9999 -9999 -9999 -9999 -9999 -9999 -9999 16.7199993133545 43.439998626709 9.07999992370605 14.8800001144409 306.920013427734 783.640014648438 563.159973144531 504.519989013672 431.559997558594 324.040008544922 89.5199966430664 36.2799987792969 25.7999992370605 32.8800010681152 52.3600006103516 79.7600021362305 49.439998626709 35.0400009155273 32.7200012207031 32.7200012207031 27.1599998474121 21.0799999237061 10.5200004577637 6.84000015258789 6.23999977111816 7.48000001907349 7.6399998664856 6.71999979019165 5.11999988555908 2.83999991416931 1.63999998569489 2.11999988555908 2.79999995231628
-9999 -9999 -9999 -9999 -9999 -9999 -9999 -9999 -9999 -9999 -9999 -9999 -9999 -9999 -9999 9.92000007629395 22.3999996185303 44.3600006103516 5.03999996185303 14.3599996566772 329.160003662109 719.159973144531 665.559997558594 455.119995117188 422.279998779297 259.279998779297 123.400001525879 64.7200012207031 31.5599994659424 52.2000007629395 40.4799995422363 35.8400001525879 31.5200004577637 26.4799995422363 25.2399997711182 21.4400005340576 18.6399993896484 83.9199981689453 23.6000003814697 6.84000015258789 6.11999988555908 7.15999984741211 6.80000019073486 5.3600001335144 4.59999990463257 4.92000007629395 2.75999999046326 2.27999997138977 2.75999999046326
-9999 -9999 -9999 -9999 -9999 -9999 -9999 -9999 -9999 -9999 -9999 -9999 -9999 -9999 -9999 17.4400005340576 23.2000007629395 75.5999984741211 16.7199993133545 8.11999988555908 173 796.559997558594 784.159973144531 608.440002441406 578.679992675781 256.399993896484 153.720001220703 47.4000015258789 28.4799995422363 54.1599998474121 82.2399978637695 33 24.3199996948242 19.6800003051758 18.7199993133545 16.5599994659424 15.7200002670288 119.040000915527 25.3199996948242 7.76000022888184 6.59999990463257 5.40000009536743 5.80000019073486 5.55999994277954 5.19999980926514 4.11999988555908 2.44000005722046 2.40000009536743 2.3199999332428
-9999 -9999 -9999 -9999 127.080001831055 -9999 -9999 -9999 -9999 -9999 -9999 -9999 -9999 20.2399997711182 8.68000030517578 10.5200004577637 30.7999992370605 69.8399963378906 23.3199996948242 3.64000010490417 69.1999969482422 679.440002441406 837.159973144531 728.760009765625 592.039978027344 235.720001220703 162.039993286133 19.3999996185303 18 27.5599994659424 66 51.7599983215332 27.6399993896484 18.8799991607666 13.2799997329712 11.1199998855591 9.47999954223633 29.8400001525879 74.4000015258789 6.40000009536743 18.8799991607666 6.19999980926514 5.59999990463257 5.3600001335144 5.84000015258789 4.71999979019165 3.03999996185303 2.03999996185303 1.48000001907349
-9999 -9999 -9999 -9999 -9999 42.8800010681152 -9999 -9999 -9999 -9999 -9999 -9999 72.9199981689453 79.8399963378906 63.0400009155273 80.3199996948242 83.1600036621094 128.240005493164 29.3999996185303 2.3199999332428 9.19999980926514 315.799987792969 902.799987792969 911.919982910156 688.280029296875 303.799987792969 96.3199996948242 13.0799999237061 18.9200000762939 19.1599998474121 35.1599998474121 76.1600036621094 54.4000015258789 26.3999996185303 13.2399997711182 23.6000003814697 7.19999980926514 6.11999988555908 5.59999990463257 10.4799995422363 76.5599975585938 11.8400001525879 3.51999998092651 3.96000003814697 4.11999988555908 3.40000009536743 3.11999988555908 1.72000002861023 6.51999998092651
-9999 -9999 -9999 -9999 -9999 -9999 -9999 -9999 -9999 -9999 -9999 38.7599983215332 85.8000030517578 75.0800018310547 34.0400009155273 71.9199981689453 125.559997558594 83.7200012207031 1.67999994754791 2.51999998092651 -9999 71.1600036621094 478.119995117188 963.880004882812 915.200012207031 514.840026855469 82.0400009155273 3.79999995231628 3.75999999046326 28.0400009155273 51.0400009155273 76.3600006103516 79.1999969482422 28.7600002288818 13.3199996948242 28.5200004577637 5.55999994277954 4 4.92000007629395 4.80000019073486 28.1200008392334 6.96000003814697 31.2800006866455 52.9599990844727 4 2.96000003814697 5.44000005722046 1.8400000333786 1.12000000476837
-9999 -9999 -9999 -9999 -9999 -9999 -9999 -9999 -9999 -9999 -9999 5.44000005722046 38.9199981689453 63.8400001525879 6.88000011444092 26.7600002288818 59 17.6000003814697 1.60000002384186 1.96000003814697 -9999 4.40000009536743 134.199996948242 394.839996337891 398.119995117188 309.720001220703 22.6800003051758 2.79999995231628 3.07999992370605 12.6800003051758 48.1599998474121 88.4000015258789 83.9199981689453 22.7999992370605 9.5600004196167 7.59999990463257 5.32000017166138 3.51999998092651 3.83999991416931 3.96000003814697 4.88000011444092 23.7600002288818 68.3600006103516 128.520004272461 10.0799999237061 5.6399998664856 61.2400016784668 18.1200008392334 2.40000009536743
-9999 -9999 -9999 -9999 -9999 -9999 21.3999996185303 -9999 -9999 -9999 -9999 -9999 16.4799995422363 17.5599994659424 46.5999984741211 23.3199996948242 2.27999997138977 11.1199998855591 5.76000022888184 -9999 -9999 -9999 -9999 12.8800001144409 11.8000001907349 10 3.64000010490417 2.48000001907349 -9999 3.88000011444092 23.2399997711182 80.6399993896484 24.8400001525879 10.5600004196167 5.55999994277954 6.92000007629395 4 3.3199999332428 2.96000003814697 3.51999998092651 3.11999988555908 5.44000005722046 67.3199996948242 23.9200000762939 3.35999989509583 18.9599990844727 15.4399995803833 6.03999996185303 2.16000008583069
-9999 -9999 -9999 -9999 -9999 -9999 -9999 -9999 -9999 -9999 -9999 -9999 -9999 -9999 41.1199989318848 24.1200008392334 17.1200008392334 11.1999998092651 -9999 -9999 -9999 -9999 -9999 -9999 -9999 -9999 -9999 -9999 -9999 -9999 52.4799995422363 11.7600002288818 8.27999973297119 6.51999998092651 4.71999979019165 4.11999988555908 3.44000005722046 3.07999992370605 2.88000011444092 2.72000002861023 2.51999998092651 4.76000022888184 2.88000011444092 3.16000008583069 3.83999991416931 4.48000001907349 152.039993286133 63.2000007629395 2.44000005722046
