Scripts_&_data/Environmental_rasters/Elevation_RABV_CA_008.asc
NCOLS 960 
NROWS 840 
XLLCORNER 100.9998876 
YLLCORNER 8.9999724 
CELLSIZE 0.00833333000000001 
NODATA_value -9999 
[rows 258 to 300 of 840, columns 0 to 94 of 960]
3 3 3 3 4 4 5 5 4 4 3 3 3 3 3 3 3 3 3 3 3 3 3 4 3 3 3 4 3 4 4 4 4 3 4 4 4 4 4 4 3 3 3 3 4 3 4 4 4 4 5 6 9 11 15 16 16 17 20 21 24 27 25 25 24 27 27 26 27 27 29 33 36 31 30 28 37 35 39 36 39 43 42 44 45 41 38 33 32 28 27 30 31 32 34
4 4 4 3 3 4 4 4 3 3 3 3 3 3 3 3 3 3 3 3 3 3 3 4 4 4 4 4 4 3 3 4 4 3 4 4 4 4 4 4 4 4 3 4 4 4 3 4 4 4 7 6 8 10 12 14 15 17 20 21 26 31 29 26 26 28 26 27 29 30 34 36 38 35 39 35 35 36 39 46 41 47 45 48 50 43 38 35 33 31 29 29 34 36 38
2 3 2 3 4 3 3 3 3 4 3 3 2 3 3 3 3 2 4 3 3 3 3 3 3 4 4 4 3 4 4 4 4 4 4 4 7 5 4 4 4 3 3 3 3 4 3 4 4 6 9 9 9 10 13 17 18 19 20 23 27 30 29 29 29 31 27 30 33 32 40 42 40 36 44 40 42 40 40 45 52 64 54 52 49 44 40 38 36 31 31 32 37 39 42
2 3 2 4 3 3 4 3 3 3 4 3 3 3 3 3 3 2 3 3 3 3 3 3 4 4 4 4 3 4 4 4 4 4 4 8 14 9 4 4 4 4 3 3 3 4 4 5 6 8 11 11 11 10 14 18 20 21 23 25 26 29 32 30 32 36 30 31 34 36 37 43 46 40 39 47 48 48 47 49 50 54 57 58 53 45 46 47 41 34 34 33 38 44 44
2 2 3 3 3 2 3 3 3 3 4 4 3 3 3 3 3 3 2 2 3 3 4 3 3 4 4 3 4 4 4 4 4 4 4 5 13 8 4 4 4 4 4 3 3 4 4 4 6 8 11 12 16 15 16 26 29 23 26 29 29 37 37 34 33 38 32 33 37 42 42 42 49 47 44 42 46 53 60 59 58 61 64 61 57 54 50 51 53 36 36 35 36 39 44
2 3 2 2 3 3 4 4 3 3 4 3 4 3 4 3 3 3 3 3 3 3 4 4 3 3 2 3 5 4 4 4 4 4 4 5 7 4 4 4 4 5 9 8 8 4 5 5 9 11 11 14 15 18 24 31 32 29 31 29 33 38 39 40 37 40 34 36 38 47 46 43 46 48 47 45 47 50 57 60 63 61 59 58 54 50 44 42 42 37 38 37 38 40 43
3 3 2 2 3 3 4 3 3 3 3 3 3 4 3 3 3 3 3 3 3 3 4 4 3 3 3 3 4 3 3 4 4 4 4 4 4 4 4 4 13 7 15 10 5 4 7 8 15 15 17 18 16 20 26 33 32 36 34 32 36 43 48 47 42 43 36 39 42 42 48 47 47 49 48 48 59 58 55 58 64 62 55 51 49 46 43 41 39 39 39 38 39 42 44
3 2 2 3 3 2 3 2 3 3 3 3 3 3 3 3 3 4 4 3 3 4 4 4 4 3 3 3 4 3 3 4 4 4 4 4 3 4 4 4 13 12 15 12 4 5 8 12 16 21 23 23 20 20 22 27 34 33 32 38 44 50 51 52 48 41 41 42 45 48 48 53 54 55 54 52 62 61 64 64 68 64 57 54 50 47 45 44 44 43 41 40 40 42 43
3 2 2 3 3 2 3 3 3 3 3 3 2 3 4 3 3 4 4 4 4 4 3 4 5 6 4 3 3 4 4 4 4 5 4 3 3 4 5 4 10 14 17 12 4 6 16 19 24 24 29 29 32 27 23 28 37 41 41 37 41 48 55 66 50 42 44 52 47 50 53 55 63 69 61 59 62 56 58 60 62 62 64 65 56 53 50 47 48 47 43 43 42 43 47
2 2 3 3 4 3 4 3 3 3 3 3 2 3 3 3 3 4 3 4 4 4 3 4 5 6 5 4 3 3 4 3 4 5 4 4 4 4 4 4 5 11 11 5 6 19 25 26 33 31 30 35 42 38 30 27 32 46 51 46 43 54 60 65 50 49 46 53 54 52 56 58 67 68 63 69 63 54 58 63 66 67 70 69 65 62 55 54 53 46 46 45 47 46 48
4 3 3 3 3 2 3 4 4 4 2 3 2 3 3 3 3 3 3 3 4 5 4 5 5 5 4 3 4 3 4 4 4 5 4 4 4 4 4 5 5 6 6 5 13 24 34 40 42 33 34 39 52 42 30 30 33 38 45 60 58 63 58 55 55 60 53 54 56 62 54 57 66 61 56 64 57 54 62 64 62 62 62 59 59 61 62 56 51 49 52 52 52 53 50
4 4 4 3 3 3 3 3 3 4 3 3 3 3 3 2 3 3 3 3 5 5 4 5 4 4 4 5 4 4 4 4 4 5 6 5 5 5 5 4 5 8 8 8 15 24 40 46 50 44 47 43 53 44 28 28 39 42 51 56 59 61 49 54 58 62 58 67 67 62 59 51 57 57 52 55 51 54 60 58 58 57 60 55 58 55 60 63 58 52 56 73 64 58 53
4 3 3 3 3 4 3 2 2 3 3 2 2 3 3 2 3 3 3 3 4 4 4 5 5 5 6 5 4 4 4 3 4 4 5 5 5 6 5 7 8 9 10 11 16 16 28 37 36 42 44 52 45 35 26 36 45 47 52 50 44 48 51 49 55 63 69 69 66 58 53 52 48 51 48 47 49 54 57 55 53 57 57 57 58 55 60 63 64 64 58 60 71 71 61
3 3 4 3 3 3 3 3 3 3 3 3 2 3 3 3 3 3 2 3 4 4 5 5 5 7 6 5 5 5 4 4 4 4 4 4 4 6 7 7 7 9 8 9 10 13 24 27 33 45 34 37 31 25 26 42 40 33 38 37 51 49 58 60 64 70 72 73 74 71 50 51 47 43 55 53 55 55 51 49 50 51 49 54 54 54 56 58 64 70 69 62 68 70 78
2 4 3 3 4 3 3 2 3 3 3 3 3 3 4 3 3 3 3 2 3 4 4 5 5 7 7 6 6 4 4 4 4 3 3 4 4 5 7 7 6 8 8 9 10 11 12 19 25 36 33 23 18 22 28 28 29 37 37 41 54 58 61 66 53 63 61 65 76 72 62 44 47 40 83 78 61 50 49 45 48 48 45 47 53 51 54 60 65 69 74 73 74 76 82
3 4 2 2 3 3 3 2 3 3 4 3 4 4 4 3 3 3 3 3 4 4 4 4 5 6 7 5 4 5 4 5 4 4 4 4 4 5 6 5 7 7 8 9 9 10 11 10 14 20 21 16 21 27 28 37 34 38 48 42 47 48 44 57 45 57 55 69 80 60 55 45 39 38 59 105 55 46 45 43 43 44 48 51 54 56 57 58 60 63 67 76 79 78 83
2 3 2 3 3 4 4 3 3 4 4 4 5 4 4 3 3 3 4 3 3 3 4 4 4 6 6 6 4 4 4 4 4 4 4 4 5 5 5 5 6 7 8 8 8 11 11 11 11 11 12 16 29 40 40 52 51 39 43 45 37 33 28 39 48 54 53 64 67 61 56 50 40 36 51 83 56 42 38 39 39 46 49 48 52 56 58 61 68 69 70 69 72 79 89
3 3 3 3 3 3 4 4 3 4 5 4 5 4 4 3 3 3 3 4 4 3 4 3 4 4 5 5 5 5 4 4 4 4 4 5 5 5 6 6 7 7 8 8 9 9 9 11 11 11 13 15 26 33 39 39 50 52 36 32 35 31 27 37 53 56 43 46 47 52 50 46 34 35 42 52 69 38 38 38 42 41 42 45 48 52 52 56 60 70 70 72 84 84 95
3 2 3 2 2 3 5 4 5 5 5 4 4 5 3 4 4 4 4 4 4 4 4 5 4 5 5 6 4 5 3 4 4 5 4 4 5 5 5 6 6 9 9 10 9 9 9 11 12 11 11 11 13 18 23 26 33 41 34 30 31 28 25 39 50 58 41 37 36 41 43 36 32 33 37 34 39 47 41 38 38 41 43 46 47 48 50 52 55 59 61 65 70 76 79
3 3 3 3 2 3 4 4 6 4 4 5 4 4 4 4 4 4 5 5 4 4 4 4 4 4 5 4 4 5 4 4 3 4 4 4 4 5 5 8 11 16 16 11 13 14 12 10 11 12 11 13 12 13 13 14 19 20 26 25 27 24 23 25 37 47 35 36 31 34 33 32 30 31 32 36 41 57 66 45 45 46 49 50 49 50 51 53 54 56 57 60 62 68 71
2 3 3 3 3 3 3 4 4 4 5 5 4 4 4 5 4 5 5 5 5 5 5 5 4 4 4 4 4 4 4 4 3 3 4 4 4 6 9 13 15 17 19 15 17 15 14 18 12 12 13 14 16 16 18 18 16 16 18 18 19 19 27 21 25 31 33 26 27 28 26 27 31 30 33 40 46 50 67 96 70 53 56 55 56 54 54 57 60 60 62 62 63 64 67
2 3 3 3 3 3 4 4 3 3 5 5 4 4 3 4 4 5 5 4 4 5 5 6 4 6 6 4 4 4 3 4 4 3 3 4 5 8 11 15 17 19 22 19 21 20 24 22 16 15 13 15 16 15 18 21 21 20 18 19 19 19 19 20 21 24 27 23 25 24 28 33 33 35 38 41 41 48 62 75 104 124 72 61 61 57 58 63 67 65 66 68 70 67 70
3 2 2 2 4 3 5 3 4 4 3 5 4 4 4 5 4 4 4 5 4 4 5 5 4 4 5 5 4 3 4 3 4 4 4 4 7 14 15 18 20 22 27 28 32 35 26 20 17 15 16 16 17 17 17 20 20 22 22 20 21 22 23 23 22 21 23 22 24 25 27 29 32 34 34 36 42 45 50 58 67 95 135 92 70 66 64 86 88 74 71 75 76 72 72
3 2 2 2 2 4 3 3 2 2 3 4 4 3 3 3 3 5 5 4 4 4 5 5 4 4 4 5 6 4 4 4 4 4 4 7 12 21 22 21 27 30 32 32 32 29 25 23 20 19 17 17 19 17 17 19 20 22 23 23 22 22 22 22 24 25 27 27 25 25 29 28 30 32 36 37 39 41 46 51 54 60 78 135 138 93 69 135 157 118 102 91 82 75 75
3 3 2 2 2 3 2 3 3 2 3 3 4 3 3 3 3 3 4 4 4 4 5 5 5 5 4 4 5 4 5 3 4 4 6 13 16 23 30 24 36 39 39 42 37 35 34 26 22 21 22 19 23 21 21 22 21 21 22 22 23 22 23 24 23 25 26 29 31 30 29 27 30 31 33 35 39 41 41 43 46 51 55 57 65 65 57 65 71 76 145 162 80 73 68
2 3 3 2 2 3 2 2 3 3 3 3 3 3 3 3 3 4 4 4 3 4 4 5 4 5 4 4 4 4 5 4 4 3 9 13 18 22 27 29 62 61 49 52 47 52 49 39 27 22 22 20 24 27 35 38 32 26 23 22 23 23 24 26 31 32 35 34 35 34 33 30 29 30 31 33 34 37 37 39 40 45 45 52 54 53 52 55 60 62 71 74 67 64 63
2 1 2 3 3 3 2 2 2 3 3 3 3 3 3 3 3 3 4 4 4 3 4 4 5 4 4 4 4 4 4 4 5 6 13 14 21 24 28 33 40 82 84 69 61 73 75 46 27 24 27 26 26 28 41 52 45 35 29 23 24 23 24 34 41 44 46 44 41 37 38 34 31 30 32 34 33 36 36 36 38 39 43 46 48 50 48 52 55 56 55 59 58 59 65
1 2 1 3 2 2 2 3 3 2 2 3 3 3 4 4 3 4 4 4 3 4 5 4 4 4 5 5 5 5 4 5 7 8 10 14 22 24 28 30 35 50 137 130 68 49 42 38 36 35 33 28 28 28 40 49 38 33 38 25 24 23 23 33 48 47 53 51 47 40 41 35 37 33 35 35 36 35 36 39 40 40 41 42 45 45 46 48 49 50 52 53 54 59 60
1 1 2 2 2 3 2 3 3 3 2 2 3 4 3 4 3 4 4 4 4 4 4 4 4 5 5 5 5 6 5 6 8 9 10 14 21 25 25 30 32 40 54 113 78 58 38 32 39 47 37 37 33 36 36 45 38 34 35 26 25 24 25 29 38 43 47 50 44 45 47 40 38 36 33 38 39 39 39 39 41 44 43 43 44 45 49 51 51 55 59 60 58 58 58
2 2 3 2 2 2 3 2 2 3 3 3 3 3 3 4 3 4 4 4 4 4 4 4 4 4 5 5 6 8 12 15 14 9 11 14 17 21 24 26 29 34 39 46 56 44 36 32 34 47 40 45 36 38 38 41 47 34 27 31 26 25 25 26 37 47 55 64 56 46 47 43 41 39 35 38 41 43 44 42 41 43 47 48 49 47 51 56 60 62 67 83 85 61 60
2 2 2 2 2 2 3 3 3 2 3 3 2 3 4 4 3 3 4 4 5 4 4 4 4 3 4 6 7 7 9 12 16 17 18 20 19 25 26 20 27 33 35 40 46 44 36 35 36 41 44 49 42 41 40 40 51 45 36 35 33 25 26 26 30 46 52 59 60 55 48 47 44 40 38 37 39 45 50 49 45 45 45 50 51 51 53 56 66 71 84 83 70 66 64
3 4 3 2 3 2 3 2 2 2 2 3 3 3 4 4 5 4 4 4 4 4 4 3 4 4 5 6 7 8 11 12 16 25 26 23 28 27 27 28 29 31 38 42 42 38 38 40 40 48 56 58 53 43 49 51 45 54 44 36 30 28 27 27 27 41 45 52 56 54 49 51 49 43 44 41 40 42 46 49 56 49 48 47 51 55 57 59 73 83 81 76 73 69 70
4 4 2 3 2 3 1 2 3 2 2 3 3 3 3 3 3 3 4 4 4 4 3 3 4 4 6 7 8 10 12 15 15 18 19 18 20 21 27 36 38 36 40 44 44 42 41 40 41 49 67 68 54 48 53 68 53 60 58 41 39 36 29 28 28 31 38 40 45 48 52 54 47 49 50 44 43 43 48 52 62 61 51 51 51 57 60 62 69 97 93 82 79 73 70
3 4 3 4 3 3 2 2 2 3 2 2 3 3 3 4 4 4 3 3 4 4 4 3 4 5 8 8 8 10 13 14 14 15 17 21 24 23 24 34 35 38 45 52 52 48 46 46 47 58 65 58 55 63 60 68 66 54 62 52 41 37 31 30 30 30 41 54 48 50 59 65 52 54 52 47 47 44 48 55 57 59 56 61 55 54 58 62 73 83 113 100 83 76 73
3 3 3 2 2 3 3 2 2 3 3 3 3 3 3 3 4 4 4 3 3 4 3 3 3 8 14 14 9 10 12 17 16 16 16 19 22 27 25 30 36 38 42 46 49 53 50 53 56 56 54 50 65 78 69 72 76 67 61 64 48 41 34 31 32 31 34 53 60 59 68 76 68 61 61 51 50 49 49 50 57 61 63 67 64 65 60 60 63 67 79 104 89 81 75
3 2 2 3 4 5 4 2 2 3 3 3 3 3 3 4 4 3 3 4 3 3 3 3 7 11 14 18 14 13 22 32 23 17 18 20 27 28 29 28 30 34 39 43 44 50 58 55 63 59 61 57 68 78 71 68 81 70 63 65 60 46 37 33 33 31 32 44 49 60 56 58 68 67 60 54 54 51 52 53 54 58 75 77 70 76 87 60 64 70 79 111 104 86 84
4 4 3 3 3 2 5 3 2 3 4 3 4 4 4 3 3 4 4 4 3 3 8 8 12 12 14 18 20 18 30 41 32 23 19 21 30 29 32 31 33 37 37 43 44 51 57 59 65 75 65 66 66 82 83 72 87 74 77 59 61 59 47 37 35 35 32 35 46 59 50 45 56 73 62 58 58 55 54 57 57 59 76 76 93 81 74 63 64 70 76 95 110 99 98
3 3 4 2 4 4 3 3 3 3 3 4 4 4 3 4 3 4 3 3 4 3 8 8 13 21 24 29 30 27 28 37 38 32 22 22 23 27 35 35 38 46 38 45 55 51 54 64 76 73 71 80 79 73 89 91 76 88 84 68 54 51 46 42 38 36 33 33 40 48 42 41 47 63 65 64 63 59 55 60 61 66 72 100 83 83 70 65 68 76 80 84 98 122 130
3 2 5 5 4 3 3 3 3 3 4 4 4 4 4 3 3 3 3 4 3 3 3 4 12 23 22 29 29 33 37 41 51 40 29 22 26 26 30 32 38 50 43 42 43 51 57 66 83 84 77 84 88 81 85 82 83 83 76 65 65 55 43 43 38 37 34 34 36 38 38 48 52 54 61 68 66 61 58 73 66 72 69 92 109 78 73 69 71 75 77 90 93 124 132
3 2 3 2 2 3 3 3 3 4 4 4 4 4 4 3 3 3 3 3 3 3 3 3 8 17 17 20 22 31 38 50 48 36 29 24 25 31 38 38 40 44 46 48 43 50 57 60 68 73 80 86 91 94 89 89 95 89 79 71 70 54 52 53 44 37 36 35 36 36 37 40 45 49 58 80 85 71 63 72 79 68 76 73 88 88 75 72 71 78 79 86 97 128 131
2 2 3 3 3 3 3 4 3 4 4 4 3 5 5 4 4 3 4 3 4 4 4 4 5 8 11 13 18 25 34 43 54 39 40 34 27 29 37 41 46 46 51 52 50 47 54 55 60 67 77 78 90 100 92 92 93 78 77 75 61 61 67 58 43 40 38 37 38 38 39 40 39 48 57 72 93 96 70 68 71 72 75 82 91 133 78 75 75 77 82 88 98 123 190
5 4 5 7 3 3 3 3 3 4 4 5 4 4 4 3 3 4 4 6 7 4 4 4 5 7 10 16 22 29 41 47 51 39 47 38 32 29 33 40 45 43 48 52 57 57 50 53 57 61 67 76 94 90 83 79 76 75 77 66 59 70 78 63 44 40 39 39 42 39 38 39 39 45 57 69 76 70 68 70 72 73 75 88 89 156 88 80 82 81 82 89 99 112 151
4 4 4 5 3 3 3 4 4 3 3 4 3 4 4 3 3 4 4 5 6 7 5 5 5 7 11 16 21 30 43 53 53 47 48 39 39 38 31 32 35 40 42 43 53 56 61 57 56 59 65 74 93 97 82 77 72 65 63 67 81 80 81 58 44 43 44 42 43 41 40 40 40 41 46 59 58 71 102 86 97 76 74 75 81 156 93 83 84 88 89 93 99 111 132
