Scripts_&_data/Environmental_rasters/Elevation_RABV_CA_04.asc
NCOLS 192 
NROWS 168 
XLLCORNER 100.9998876 
YLLCORNER 8.9999724 
CELLSIZE 0.04166665 
NODATA_value -9999 
[rows 0 to 21 of 168, columns 98 to 146 of 192]
154.279998779297 148.639999389648 158.960006713867 161.679992675781 155.440002441406 153.320007324219 143.119995117188 139.639999389648 145.479995727539 153.399993896484 147.720001220703 155.399993896484 172.880004882812 243.199996948242 248.479995727539 222.679992675781 209.759994506836 212.720001220703 260.320007324219 316.119995117188 305.079986572266 384.320007324219 508.720001220703 534.799987792969 506.519989013672 261.920013427734 206.199996948242 191.039993286133 198.399993896484 267.279998779297 299.119995117188 495.359985351562 496.119995117188 297.600006103516 573.760009765625 660.719970703125 660.559997558594 652.039978027344 616.960021972656 743.840026855469 906.280029296875 815.919982910156 855.200012207031 1040.43994140625 692.119995117188 937.400024414062 1041 801.080017089844 901.559997558594
160.440002441406 157.119995117188 161.119995117188 152.559997558594 144.320007324219 136.440002441406 130.399993896484 138.759994506836 143.199996948242 150.399993896484 160.880004882812 180.479995727539 204.399993896484 187.399993896484 217.720001220703 243.600006103516 279.760009765625 293.200012207031 377.839996337891 553.960021972656 362.079986572266 310.600006103516 544.47998046875 636.239990234375 612.080017089844 507.559997558594 354.519989013672 204.080001831055 192.479995727539 214.919998168945 321.519989013672 303.920013427734 243.600006103516 285.920013427734 572.760009765625 669.239990234375 676.400024414062 715.679992675781 724.320007324219 918.52001953125 1010.03997802734 839.719970703125 734.159973144531 608.760009765625 899.47998046875 983.559997558594 1042.43994140625 946.359985351562 1165.9599609375
167.839996337891 162.960006713867 153.479995727539 145.399993896484 139.600006103516 144.399993896484 128.839996337891 132.679992675781 142.479995727539 152.360000610352 155.639999389648 157.679992675781 184.720001220703 251.520004272461 237.880004882812 223.360000610352 228.600006103516 247.119995117188 330.239990234375 413.880004882812 453.559997558594 340.959991455078 282.519989013672 292.119995117188 348.640014648438 428.160003662109 376.880004882812 292.640014648438 185.559997558594 188.800003051758 240.320007324219 385.799987792969 457.880004882812 545.159973144531 615.280029296875 727.200012207031 723.52001953125 666.47998046875 796.359985351562 804.760009765625 593.359985351562 892.599975585938 912.52001953125 460.760009765625 703.880004882812 764.080017089844 839.760009765625 928.440002441406 1394.56005859375
192.559997558594 179.399993896484 162.160003662109 152.679992675781 143.399993896484 141.960006713867 140.800003051758 139.679992675781 164.320007324219 181.919998168945 195.720001220703 196.839996337891 172.360000610352 182.720001220703 213.039993286133 248.639999389648 239.119995117188 253.360000610352 348.119995117188 488.920013427734 501.480010986328 459.959991455078 310.040008544922 289.119995117188 316.040008544922 357.519989013672 358.239990234375 370.119995117188 310.760009765625 178.320007324219 191.399993896484 220.440002441406 326 492.920013427734 575.440002441406 750.320007324219 596.47998046875 557.599975585938 732.320007324219 583.719970703125 401.519989013672 520.640014648438 532.320007324219 579.679992675781 1036.88000488281 1003.23999023438 963.119995117188 750.280029296875 860.880004882812
176.240005493164 199.399993896484 177.039993286133 166.360000610352 163.440002441406 162 149.880004882812 137.440002441406 166.960006713867 167.160003662109 188.440002441406 226.919998168945 237.119995117188 227.839996337891 199.880004882812 188.559997558594 244.759994506836 268.160003662109 336 484.799987792969 583.039978027344 599.880004882812 479 459.079986572266 371.279998779297 478.839996337891 460.079986572266 257.920013427734 219.639999389648 175.639999389648 181.559997558594 219.360000610352 411.079986572266 483.600006103516 409.679992675781 688.559997558594 808.440002441406 557.640014648438 527.960021972656 440.119995117188 462.079986572266 670.599975585938 538.47998046875 719.599975585938 1002.84002685547 1155.31994628906 886.400024414062 860.52001953125 1254.80004882812
169.360000610352 190.919998168945 203.479995727539 195.880004882812 176.080001831055 167.600006103516 150.119995117188 147.639999389648 139.199996948242 150.479995727539 159 193.240005493164 247.960006713867 292.079986572266 255.440002441406 168.479995727539 164.320007324219 262.359985351562 391.399993896484 198.080001831055 169.919998168945 246.199996948242 431.760009765625 174.679992675781 165.800003051758 171.919998168945 178.800003051758 171.880004882812 171.759994506836 176.960006713867 177.559997558594 199.080001831055 226.520004272461 252.440002441406 272.040008544922 452.799987792969 661 617.599975585938 470.760009765625 402.359985351562 407.839996337891 539.719970703125 488.600006103516 550.719970703125 806.119995117188 1231.64001464844 954.280029296875 929.840026855469 1466.31994628906
169.960006713867 182.800003051758 204.360000610352 219.559997558594 192.960006713867 172.720001220703 159 163.160003662109 139.399993896484 151.919998168945 214.199996948242 194.759994506836 196.919998168945 276.440002441406 253.479995727539 200 158.759994506836 150.919998168945 162.720001220703 184.839996337891 148.080001831055 143.160003662109 159.639999389648 152.880004882812 155.160003662109 166.360000610352 171.240005493164 174.600006103516 177.440002441406 181.839996337891 183.600006103516 185.679992675781 187.839996337891 197.679992675781 216.800003051758 415.959991455078 365.519989013672 578.559997558594 474.399993896484 318.079986572266 294.359985351562 399.399993896484 523.47998046875 727.280029296875 882.280029296875 1167.92004394531 1234.23999023438 1119.28002929688 1647.52001953125
155.759994506836 168.360000610352 186.399993896484 201.720001220703 198.039993286133 173.839996337891 188.960006713867 183.839996337891 188.919998168945 248.360000610352 291.239990234375 271.959991455078 219.600006103516 218.320007324219 249.119995117188 229.240005493164 189.320007324219 146.399993896484 144.759994506836 144.479995727539 139.960006713867 145.160003662109 148.240005493164 164.720001220703 179.800003051758 188.960006713867 194.039993286133 193.600006103516 197.679992675781 205.279998779297 197.880004882812 193.279998779297 189.399993896484 199.800003051758 212.639999389648 213.199996948242 234.119995117188 338.440002441406 620.039978027344 451.279998779297 373.959991455078 314.239990234375 429.559997558594 535.559997558594 749 1059.31994628906 1485.0400390625 1431.92004394531 1588.19995117188
152.160003662109 161.880004882812 167.160003662109 177.559997558594 195.960006713867 221.679992675781 236.240005493164 260.839996337891 262.040008544922 226.720001220703 267.600006103516 316.160003662109 364.079986572266 164.759994506836 235.919998168945 233 250.360000610352 145.679992675781 138.240005493164 146.960006713867 167.240005493164 181.520004272461 193.839996337891 209.479995727539 218.639999389648 229.039993286133 222.919998168945 221.240005493164 225.360000610352 221.960006713867 207.759994506836 206.160003662109 221.559997558594 445.640014648438 533.919982910156 262.880004882812 217.720001220703 242.600006103516 371.959991455078 554.880004882812 336.480010986328 380.239990234375 473.119995117188 578.320007324219 797.799987792969 1090.47998046875 1117.47998046875 1435.47998046875 1506.47998046875
145.399993896484 158.800003051758 157.919998168945 157.320007324219 171.479995727539 189.720001220703 188.440002441406 225.759994506836 182.160003662109 178.600006103516 188.360000610352 232.520004272461 321.200012207031 174.119995117188 330.160003662109 341.920013427734 340.040008544922 138.839996337891 140.559997558594 180.679992675781 202.399993896484 217.039993286133 224.440002441406 249.479995727539 260 266.679992675781 261.320007324219 243.880004882812 254.880004882812 249.240005493164 233.240005493164 253.720001220703 230.080001831055 657.880004882812 1098.71997070312 333.839996337891 217.479995727539 234.880004882812 254.119995117188 419.040008544922 276.519989013672 362.920013427734 470.720001220703 579.679992675781 693 787 1139.31994628906 1226 1132.9599609375
138.279998779297 154.160003662109 152.679992675781 149 150.320007324219 160.600006103516 174.600006103516 230.320007324219 177.240005493164 159.399993896484 157.839996337891 173.520004272461 203.320007324219 182 230.880004882812 200.440002441406 156.759994506836 136.639999389648 154.240005493164 199.639999389648 226.119995117188 248.839996337891 270.920013427734 286.320007324219 316.600006103516 320.959991455078 317.839996337891 323.600006103516 316.399993896484 414.119995117188 495.320007324219 324.320007324219 342.559997558594 706.280029296875 700 269.399993896484 327.720001220703 360.480010986328 284.880004882812 307.839996337891 268.959991455078 372.839996337891 576.640014648438 622.039978027344 629.159973144531 677.119995117188 936.719970703125 1044 1047.80004882812
139.919998168945 153.080001831055 156.360000610352 145.880004882812 142.360000610352 149.880004882812 163.360000610352 178.679992675781 193.039993286133 211.320007324219 198.360000610352 163 155.520004272461 260.640014648438 369.559997558594 143.479995727539 132.479995727539 135.839996337891 150.960006713867 186.880004882812 241.119995117188 281.760009765625 313.839996337891 347.760009765625 377.320007324219 418.480010986328 456.880004882812 427.640014648438 396.720001220703 474.320007324219 662.799987792969 617.400024414062 470.399993896484 653.919982910156 429.480010986328 364.839996337891 496.359985351562 395.119995117188 384.399993896484 198.279998779297 243.679992675781 272.079986572266 464.239990234375 618.640014648438 699.880004882812 766.239990234375 1051.80004882812 1177.47998046875 1056.76000976562
142.199996948242 148.440002441406 152.119995117188 144.919998168945 136.960006713867 139.839996337891 148.080001831055 153.240005493164 154.600006103516 175.720001220703 220.679992675781 216 160.720001220703 291.760009765625 307.119995117188 240.199996948242 132.919998168945 141.759994506836 179.039993286133 198.039993286133 237.720001220703 294.519989013672 340.559997558594 399.119995117188 454.880004882812 503.760009765625 558.840026855469 596.760009765625 628.960021972656 772.880004882812 726.47998046875 764.880004882812 705.039978027344 614.599975585938 522 453.399993896484 505.679992675781 408.200012207031 313.720001220703 179.479995727539 238.600006103516 325 550.599975585938 615.239990234375 805.719970703125 851.760009765625 1022.52001953125 1228.80004882812 1175.71997070312
133.800003051758 141.240005493164 143 148.399993896484 138.960006713867 133.039993286133 136.880004882812 148.160003662109 130.839996337891 156.160003662109 189.839996337891 267.239990234375 156.720001220703 313.799987792969 327.320007324219 420.720001220703 202.320007324219 138.440002441406 182.880004882812 203.360000610352 230.240005493164 278.880004882812 351.920013427734 432.959991455078 517.840026855469 586.280029296875 620.559997558594 684.799987792969 769.47998046875 1184.19995117188 889.52001953125 827.039978027344 722.679992675781 620.719970703125 539.880004882812 462.559997558594 367.959991455078 363.480010986328 262.600006103516 183 220 239.559997558594 485.320007324219 613.119995117188 933.919982910156 884.47998046875 912.239990234375 1096.88000488281 1129.56005859375
126.559997558594 132.199996948242 140.440002441406 144.839996337891 139.080001831055 129.759994506836 128.839996337891 138.399993896484 129 142.240005493164 168.759994506836 165.199996948242 228.119995117188 293.040008544922 481.480010986328 476.799987792969 365.040008544922 131.559997558594 146.119995117188 184.600006103516 212.399993896484 259.440002441406 354.079986572266 469.480010986328 559.080017089844 658.159973144531 732.799987792969 791 829.760009765625 913.080017089844 1082.88000488281 977.119995117188 979.239990234375 710.47998046875 515.280029296875 403.239990234375 369.799987792969 288.399993896484 233.199996948242 283.519989013672 207.279998779297 288.200012207031 362.720001220703 774.080017089844 903.760009765625 837.039978027344 891.440002441406 929.719970703125 1069.23999023438
120.639999389648 132.279998779297 133.479995727539 133.559997558594 139.399993896484 135.960006713867 127.199996948242 126.959999084473 122.440002441406 132.960006713867 241.600006103516 318.320007324219 275.559997558594 334.679992675781 371.119995117188 446.679992675781 207.720001220703 135.360000610352 142 188.880004882812 223.880004882812 242.399993896484 334.079986572266 728.440002441406 906.400024414062 860.679992675781 929.599975585938 940.159973144531 975.719970703125 1016.47998046875 1054.31994628906 1052.68005371094 1048.83996582031 876.559997558594 820.719970703125 477.519989013672 312.640014648438 317.040008544922 220.880004882812 160.440002441406 189.119995117188 316.279998779297 332.839996337891 532.239990234375 759.919982910156 561.919982910156 902.239990234375 1016.79998779297 1057.56005859375
117.959999084473 122.080001831055 121.879997253418 123.360000610352 129.600006103516 124.559997558594 118.720001220703 116.279998779297 123.080001831055 121.279998779297 136.360000610352 205.759994506836 205.919998168945 172.919998168945 152.919998168945 127.360000610352 130.240005493164 111.919998168945 144.520004272461 184.800003051758 210.360000610352 227.479995727539 574.359985351562 948.960021972656 1023.03997802734 1052.9599609375 1105.07995605469 1128.76000976562 1124.76000976562 1090.83996582031 1108.9599609375 1355.92004394531 1239.92004394531 1129.52001953125 967 879.599975585938 414.320007324219 228.839996337891 158.240005493164 154.600006103516 197.320007324219 251.800003051758 313.320007324219 286.399993896484 469.359985351562 486 702.359985351562 1110.76000976562 1178.07995605469
133.559997558594 125.959999084473 125.680000305176 119.040000915527 125.120002746582 116.480003356934 120.599998474121 130.160003662109 115.879997253418 135.559997558594 192.880004882812 297.040008544922 251.639999389648 113.040000915527 108.23999786377 118.23999786377 114.879997253418 110.040000915527 143.360000610352 198.679992675781 227.839996337891 271.720001220703 608.280029296875 934.559997558594 997.880004882812 1089.47998046875 1170.35998535156 1223.88000488281 1213.56005859375 1181 1190.9599609375 1352.0400390625 1311.23999023438 1295.11999511719 1286.52001953125 1088.88000488281 1054.88000488281 655.799987792969 218.559997558594 133.440002441406 135.360000610352 218.479995727539 256.279998779297 364.160003662109 471.119995117188 648.440002441406 901.52001953125 1145.0400390625 1133.76000976562
134.559997558594 124.160003662109 131.360000610352 129.240005493164 118.959999084473 123.080001831055 138.600006103516 146.839996337891 133.240005493164 153.800003051758 183.479995727539 125.040000915527 110.23999786377 101.080001831055 105.839996337891 109.160003662109 107.440002441406 123.199996948242 166.839996337891 213.279998779297 264.640014648438 353.679992675781 831.679992675781 885.47998046875 937.599975585938 1074.40002441406 1206.40002441406 1271.35998535156 1260.40002441406 1272.0400390625 1245.71997070312 1190.35998535156 1117.47998046875 1039.83996582031 1074.71997070312 1203.68005371094 1172.92004394531 1048 769.039978027344 175.639999389648 131.080001831055 233.960006713867 383 476.720001220703 589.919982910156 864.080017089844 1030.07995605469 1073 1050.0400390625
127.519996643066 122.23999786377 133.759994506836 133.960006713867 125 128.119995117188 139.399993896484 145.639999389648 149.119995117188 176.320007324219 136.479995727539 121.959999084473 112.599998474121 107.480003356934 99.7600021362305 102.400001525879 104.519996643066 118.160003662109 228.039993286133 251.399993896484 311.839996337891 394.359985351562 560.840026855469 732.960021972656 883.760009765625 1019.76000976562 1194.9599609375 1281.40002441406 1313.23999023438 1277.47998046875 1227.35998535156 1163.80004882812 1097.31994628906 1011.67999267578 941.719970703125 939.359985351562 996.960021972656 973 922.320007324219 278.839996337891 146.440002441406 193.960006713867 422.600006103516 459.559997558594 537.47998046875 799.320007324219 1166.83996582031 974 926.960021972656
127.319999694824 131.800003051758 137.960006713867 127.879997253418 125.76000213623 135.960006713867 143.919998168945 141.039993286133 161.520004272461 188.559997558594 132.679992675781 120.720001220703 110.919998168945 105.839996337891 103.480003356934 98.0800018310547 99.8000030517578 109.080001831055 421.959991455078 240.880004882812 289 396.480010986328 526.039978027344 572.919982910156 837.080017089844 1027.16003417969 1217.64001464844 1298.16003417969 1317.71997070312 1280.47998046875 1211.88000488281 1132.07995605469 1050.23999023438 969.679992675781 900.440002441406 854 826.440002441406 702.599975585938 504.480010986328 375.480010986328 437.239990234375 146.960006713867 294.880004882812 295.760009765625 490.600006103516 665.359985351562 968.719970703125 967.559997558594 855.400024414062
134.279998779297 141.559997558594 140.279998779297 131.520004272461 134.039993286133 140.039993286133 145.320007324219 141.399993896484 156.960006713867 189.960006713867 146.160003662109 128.919998168945 118 110.559997558594 108.160003662109 108.080001831055 99.1600036621094 116.400001525879 143.279998779297 193.600006103516 234.160003662109 290.079986572266 550.960021972656 906 1001.44000244141 1059.83996582031 1221.76000976562 1310.07995605469 1278.0400390625 1210.71997070312 1153.16003417969 1070.07995605469 985.960021972656 916.47998046875 859.47998046875 815.400024414062 702.760009765625 729.960021972656 750.440002441406 930.280029296875 934.960021972656 351.079986572266 132.919998168945 183.520004272461 344.279998779297 518 650.640014648438 896.080017089844 756.52001953125
