Scripts_&_data/Environmental_rasters/Elevation_RABV_CA_04.asc
NCOLS 192 
NROWS 168 
XLLCORNER 100.9998876 
YLLCORNER 8.9999724 
CELLSIZE 0.04166665 
NODATA_value -9999 
[rows 88 to 109 of 168, columns 49 to 97 of 192]
304.320007324219 247.199996948242 240.520004272461 215.800003051758 190.399993896484 248.679992675781 304.480010986328 305.239990234375 255.160003662109 183.960006713867 111.279998779297 99.8399963378906 73.879997253418 61.7599983215332 47.4799995422363 39.9599990844727 38.5999984741211 45.9599990844727 52.3199996948242 90.3600006103516 83.8000030517578 85.0800018310547 115.440002441406 126.599998474121 79.1999969482422 71.0400009155273 68.3600006103516 66.1600036621094 60.560001373291 53.1199989318848 46.6800003051758 40.7999992370605 35.2000007629395 30 23.7999992370605 20.2000007629395 15.1599998474121 12.3599996566772 8.96000003814697 12.6400003433228 36.0400009155273 15.5200004577637 7.11999988555908 7.28000020980835 9.31999969482422 9.96000003814697 10 10.6000003814697 11.5200004577637
275.160003662109 270.799987792969 246.279998779297 219.720001220703 397.119995117188 361.679992675781 398.079986572266 434.239990234375 367.320007324219 275.519989013672 236.199996948242 152.600006103516 206.360000610352 106 113.720001220703 73.5599975585938 80.2799987792969 163.960006713867 51.7999992370605 72.4000015258789 224.119995117188 269.200012207031 376.320007324219 208.800003051758 130.679992675781 167 125.559997558594 75.1600036621094 67.9199981689453 62.4799995422363 56.1199989318848 51.1199989318848 46.3600006103516 37.9599990844727 29.5599994659424 23.7600002288818 20.2800006866455 26.5200004577637 28.9200000762939 7.59999990463257 10.5200004577637 8.03999996185303 6.71999979019165 6.40000009536743 8.92000007629395 8.68000030517578 9.64000034332275 10.7200002670288 11.8400001525879
297.720001220703 294.920013427734 278.799987792969 462.799987792969 605.080017089844 570.880004882812 584.960021972656 522.960021972656 499.440002441406 261.480010986328 184 166.679992675781 267.320007324219 188.199996948242 188.639999389648 105.800003051758 129.839996337891 92.7600021362305 71.7200012207031 64.9599990844727 87.879997253418 209.639999389648 258.640014648438 152 110.040000915527 104.400001525879 92.4800033569336 106.279998779297 99.3600006103516 75.4000015258789 68.879997253418 66.9599990844727 59.8800010681152 45.9599990844727 35.8400001525879 28.1200008392334 31.4799995422363 61.560001373291 25.5200004577637 10.1999998092651 7.51999998092651 7.03999996185303 7.15999984741211 7.3600001335144 7.40000009536743 9.39999961853027 10.6000003814697 11.1199998855591 12
465.279998779297 303.880004882812 527.119995117188 606.799987792969 565.359985351562 569.599975585938 589.559997558594 610.159973144531 538.799987792969 274.600006103516 200.839996337891 220.720001220703 338.519989013672 154.759994506836 181.720001220703 232.639999389648 156.440002441406 109.319999694824 145.320007324219 92.120002746582 82.4000015258789 169.639999389648 123.400001525879 306.959991455078 215.919998168945 120.480003356934 123.400001525879 228 121.400001525879 103.599998474121 121.519996643066 91.1600036621094 76.3199996948242 62.2000007629395 44.8800010681152 34.439998626709 28.9200000762939 32.5999984741211 17.4400005340576 13.7600002288818 7.55999994277954 8.31999969482422 8.47999954223633 6.44000005722046 9.31999969482422 10.0799999237061 11.7200002670288 11.4399995803833 12.1199998855591
994.200012207031 492.320007324219 564.119995117188 550.679992675781 570.200012207031 618.640014648438 652.119995117188 718.760009765625 663.640014648438 813.599975585938 651.359985351562 447.760009765625 569.440002441406 390.320007324219 290.399993896484 185.399993896484 253.119995117188 254.240005493164 224.960006713867 227.639999389648 124.319999694824 102.680000305176 432.440002441406 648.47998046875 239 129.960006713867 198.080001831055 513.47998046875 325.880004882812 162.320007324219 153.880004882812 183.919998168945 153.919998168945 105.919998168945 55.439998626709 39.9599990844727 31.0799999237061 22.8799991607666 22.9599990844727 27.6800003051758 12.2399997711182 9.23999977111816 7.51999998092651 8.07999992370605 13.1599998474121 12.7600002288818 12.039999961853 10.8000001907349 11.4399995803833
863.280029296875 676.799987792969 576.679992675781 531.960021972656 561.679992675781 607.760009765625 665.239990234375 748.200012207031 861.039978027344 930.760009765625 1093.23999023438 1039.47998046875 814.440002441406 351.399993896484 131.039993286133 271.720001220703 230.880004882812 319.359985351562 172.399993896484 322.640014648438 255.080001831055 139.880004882812 364.440002441406 601.359985351562 240.800003051758 282.519989013672 535.880004882812 649.719970703125 763.719970703125 662.919982910156 219.600006103516 149.960006713867 263.839996337891 106.559997558594 60.2400016784668 47.1599998474121 33.3199996948242 31.2800006866455 26.1200008392334 20.3199996948242 12.6400003433228 8.03999996185303 8.27999973297119 7.80000019073486 9.80000019073486 11.8000001907349 11.6000003814697 12.9200000762939 15.1999998092651
748.52001953125 579.039978027344 577.640014648438 536.52001953125 557.960021972656 595.359985351562 686.039978027344 800.239990234375 879.359985351562 938 1049.83996582031 1040.68005371094 1055 625.080017089844 282.359985351562 409.600006103516 216.559997558594 342.160003662109 225.600006103516 280.440002441406 251.199996948242 147.960006713867 171.880004882812 420.679992675781 571.799987792969 577.320007324219 1056.88000488281 1104.83996582031 852.640014648438 432.959991455078 132.759994506836 100.080001831055 88.5199966430664 72.6399993896484 59.5999984741211 50.3600006103516 44.0400009155273 36 28.0799999237061 21.0799999237061 16.2800006866455 10 8.84000015258789 6.48000001907349 6.80000019073486 10.7200002670288 26.6000003814697 26.2000007629395 21.6399993896484
617.039978027344 553.239990234375 530.559997558594 543.320007324219 568.359985351562 601.239990234375 728.239990234375 800.679992675781 802.200012207031 981.599975585938 902 1061 1125.43994140625 1074.0400390625 857.080017089844 601.559997558594 349.320007324219 461.320007324219 314.559997558594 311.720001220703 391.799987792969 279.279998779297 159.240005493164 342.799987792969 492.640014648438 518.080017089844 971.760009765625 1431.07995605469 1228.64001464844 723.320007324219 328.320007324219 109.120002746582 78.9599990844727 68.3199996948242 61.7999992370605 52.7200012207031 43.7599983215332 36.3199996948242 30.5200004577637 24.8799991607666 17.7600002288818 9.64000034332275 6.48000001907349 5.40000009536743 6.6399998664856 11.5200004577637 14.8400001525879 12.2399997711182 12.0799999237061
467.480010986328 454.200012207031 450.679992675781 473.200012207031 535.280029296875 600.119995117188 611.840026855469 606.159973144531 555.47998046875 738.960021972656 984.760009765625 1049 1099.76000976562 1171.23999023438 1124.16003417969 1021.35998535156 739.960021972656 574.440002441406 480.359985351562 328.399993896484 511.480010986328 356.279998779297 250.360000610352 219.119995117188 367.519989013672 253.440002441406 354.559997558594 1040.52001953125 817.599975585938 666.239990234375 153.320007324219 98.9199981689453 83.1600036621094 73.0800018310547 65.6800003051758 52.560001373291 43.8400001525879 37.1599998474121 30.0400009155273 22.9599990844727 17.4799995422363 10.2799997329712 7.92000007629395 7.48000001907349 7.67999982833862 13.5200004577637 9.76000022888184 8.4399995803833 5.55999994277954
404.079986572266 400.359985351562 393.160003662109 427.119995117188 428.920013427734 461.679992675781 646.280029296875 837.679992675781 903.719970703125 917.359985351562 889.640014648438 966.320007324219 1056.0400390625 1097.31994628906 1094.76000976562 1178.0400390625 1104.11999511719 954.719970703125 772.200012207031 459.679992675781 587.239990234375 445.359985351562 446.600006103516 201.320007324219 498.920013427734 257.799987792969 318.200012207031 587.039978027344 375.720001220703 250.039993286133 158.800003051758 103.599998474121 88.120002746582 82.7600021362305 69.5999984741211 56.7599983215332 45 34.9599990844727 26.2399997711182 20.8799991607666 16.5599994659424 12.039999961853 8.19999980926514 7.88000011444092 7.84000015258789 8.64000034332275 9.35999965667725 8.80000019073486 8.23999977111816
393.480010986328 331.559997558594 371.959991455078 419.040008544922 526.559997558594 610.200012207031 729.280029296875 775.760009765625 925.640014648438 897.200012207031 738.039978027344 940.039978027344 878.799987792969 926.440002441406 1088.76000976562 956.599975585938 893.719970703125 1008.35998535156 1055.76000976562 688.960021972656 739.359985351562 463.559997558594 323.839996337891 205.679992675781 581.400024414062 331.320007324219 170.919998168945 194.279998779297 211.360000610352 153.160003662109 134.479995727539 110.400001525879 111.279998779297 129.679992675781 103.720001220703 71.8000030517578 48.2799987792969 34.1599998474121 23.7600002288818 17.6800003051758 13.1999998092651 8.92000007629395 8.11999988555908 9.27999973297119 10.1999998092651 11.4399995803833 8.15999984741211 7.03999996185303 8.07999992370605
416.720001220703 324.399993896484 398.320007324219 440.519989013672 527.880004882812 560.200012207031 675.799987792969 725 876.440002441406 731.239990234375 793.880004882812 827.799987792969 715.799987792969 954.400024414062 686.599975585938 762 694.799987792969 1096 1169.16003417969 1120.35998535156 725.919982910156 295.440002441406 187.240005493164 149.080001831055 275.920013427734 184.520004272461 144 171 159.559997558594 137.440002441406 114.800003051758 112.919998168945 153.440002441406 222.240005493164 109.040000915527 72.2399978637695 52.1599998474121 37.439998626709 28.5599994659424 23.1200008392334 15.8000001907349 9.03999996185303 7.88000011444092 8.96000003814697 8.23999977111816 8.88000011444092 10.4399995803833 9.15999984741211 11.0799999237061
364.279998779297 290.440002441406 379.119995117188 435.959991455078 462.920013427734 598.919982910156 629.919982910156 731.559997558594 710.840026855469 537.919982910156 703.640014648438 593.280029296875 696.760009765625 571.47998046875 372.359985351562 407.799987792969 777.760009765625 975.919982910156 948.760009765625 912.919982910156 516.119995117188 252.399993896484 155.320007324219 128.080001831055 128.720001220703 131.720001220703 125.120002746582 127.959999084473 129.279998779297 115.919998168945 100.839996337891 96.3199996948242 100.76000213623 109.040000915527 85.8399963378906 60.3199996948242 50.1599998474121 35.7999992370605 28.6000003814697 21.7600002288818 17.5599994659424 14.7600002288818 7.76000022888184 7.84000015258789 7.15999984741211 7.80000019073486 9 11.6800003051758 10.8400001525879
185.119995117188 246.199996948242 345.480010986328 354.279998779297 462.880004882812 513.159973144531 575 563.960021972656 472.799987792969 526.440002441406 486.359985351562 574.119995117188 590.719970703125 279 221.240005493164 492.880004882812 844 878.400024414062 463.839996337891 397.839996337891 244 270.119995117188 133.559997558594 122.559997558594 108.839996337891 111.839996337891 120 154.119995117188 136.600006103516 138.720001220703 113.160003662109 90.4400024414062 78.7200012207031 70.7200012207031 65.4800033569336 52.8400001525879 41.7599983215332 38.7200012207031 32.5200004577637 26.8799991607666 19.7999992370605 15.9200000762939 7.6399998664856 7.44000005722046 7.84000015258789 8.52000045776367 9.35999965667725 11.039999961853 10.7600002288818
179.759994506836 212.039993286133 312.760009765625 421.440002441406 429.200012207031 521.799987792969 454.559997558594 460.440002441406 574.080017089844 498.160003662109 475.399993896484 575 664.359985351562 241 267 829.239990234375 916.960021972656 895.080017089844 235 163.240005493164 152.720001220703 195.960006713867 133.559997558594 114.160003662109 108.279998779297 96.8000030517578 111.160003662109 145.160003662109 201.960006713867 211.320007324219 131.320007324219 108.080001831055 87.3199996948242 73.3600006103516 61.6800003051758 52.6399993896484 47 42.2400016784668 33.560001373291 25.3999996185303 19.3999996185303 14.1199998855591 7.48000001907349 8.23999977111816 9.23999977111816 9.84000015258789 9.92000007629395 9.72000026702881 10.5200004577637
283.119995117188 349.359985351562 320.720001220703 408.880004882812 451.200012207031 497.480010986328 333.880004882812 531.280029296875 499.279998779297 441.760009765625 538.119995117188 574.919982910156 464.239990234375 207.240005493164 217.839996337891 545.359985351562 753.719970703125 844.679992675781 425.679992675781 192.479995727539 129.759994506836 123.599998474121 120.800003051758 139.759994506836 107.23999786377 86.3199996948242 86.7200012207031 98.120002746582 117.080001831055 140.720001220703 135.360000610352 98.5999984741211 81.2399978637695 70.8000030517578 63.9599990844727 56.560001373291 47.8400001525879 41.1199989318848 34.439998626709 27.1599998474121 21.3199996948242 16.5200004577637 8.64000034332275 9 7.28000020980835 7.44000005722046 9.35999965667725 7.40000009536743 11.8400001525879
242.199996948242 292.480010986328 283.600006103516 345.480010986328 285.920013427734 281.920013427734 391 378.959991455078 390.559997558594 444.959991455078 355.079986572266 297.600006103516 216.880004882812 289.239990234375 311.440002441406 492.799987792969 605.599975585938 714.359985351562 414.480010986328 153.919998168945 169.759994506836 150.160003662109 157.679992675781 326.399993896484 171.279998779297 91.0400009155273 75.2399978637695 80.1999969482422 102.080001831055 188 122.279998779297 92.879997253418 74.879997253418 65.0800018310547 57 55.1199989318848 46.3600006103516 41.9199981689453 33.1599998474121 25.7199993133545 26.2800006866455 21.6800003051758 8.19999980926514 9.35999965667725 9.23999977111816 7.32000017166138 9 6.84000015258789 9.11999988555908
113.720001220703 168.320007324219 156.240005493164 194.960006713867 321.959991455078 335.480010986328 351.519989013672 371.040008544922 367.799987792969 347.920013427734 211.160003662109 227.160003662109 263.519989013672 353.040008544922 517.840026855469 648.320007324219 644.880004882812 586.760009765625 264.880004882812 285.399993896484 177 163.720001220703 189.960006713867 211 201.839996337891 110.800003051758 86.120002746582 72.7600021362305 86 102.480003356934 105.800003051758 88.2399978637695 79.6800003051758 67.2799987792969 55.0800018310547 49.3199996948242 43.5999984741211 43.0400009155273 34.6800003051758 25.8799991607666 18.9599990844727 13.0799999237061 13.039999961853 11.8000001907349 9.11999988555908 9.11999988555908 8.96000003814697 6.67999982833862 4.96000003814697
42.9199981689453 142.479995727539 116.199996948242 238.520004272461 255.919998168945 212.759994506836 264.959991455078 300.399993896484 266.440002441406 198.119995117188 238.639999389648 306.679992675781 395.359985351562 489.959991455078 451.040008544922 334.679992675781 244.960006713867 111.23999786377 78.3600006103516 189.479995727539 292.839996337891 290.480010986328 220.679992675781 268 370.839996337891 195.800003051758 117.440002441406 77.120002746582 64.5599975585938 71.8399963378906 81.4000015258789 84 70.7200012207031 65 53.7599983215332 43.2799987792969 41.6399993896484 34.9599990844727 29.3600006103516 24.7999992370605 19.5200004577637 16.1599998474121 14.4799995422363 12.2799997329712 13 11.8000001907349 9.84000015258789 6.40000009536743 5.59999990463257
9.07999992370605 106.360000610352 59.8400001525879 124.199996948242 161.039993286133 138.199996948242 167.880004882812 242.160003662109 151.320007324219 198.160003662109 318.200012207031 350.519989013672 384.679992675781 397.600006103516 255 89.120002746582 65.0400009155273 41.3600006103516 55.8800010681152 94.120002746582 496.760009765625 539.359985351562 379.640014648438 525.559997558594 386.760009765625 193.199996948242 130.320007324219 95.2799987792969 66.120002746582 56.5999984741211 64 63.7599983215332 57.0400009155273 55.439998626709 50.2400016784668 43.4799995422363 36.1199989318848 36.3199996948242 30.2000007629395 25.2800006866455 20.5200004577637 18.8799991607666 15.6800003051758 11.6800003051758 9.92000007629395 10.0799999237061 10.8800001144409 9.68000030517578 9.27999973297119
4.15999984741211 24.7600002288818 36.6399993896484 67.0400009155273 83.8000030517578 59.5999984741211 83.2799987792969 134.320007324219 166.679992675781 234.720001220703 288.079986572266 223.479995727539 288.959991455078 354.399993896484 177.679992675781 44.3199996948242 25.2800006866455 31.8400001525879 66.0400009155273 143.199996948242 371.720001220703 499 331.679992675781 484.079986572266 546.559997558594 277.679992675781 114.879997253418 86.8399963378906 80.9199981689453 60.0400009155273 50.3199996948242 50.9599990844727 47.7599983215332 44.7599983215332 42.8400001525879 36.6800003051758 32.7200012207031 29.2800006866455 26.7199993133545 23.8400001525879 21.0799999237061 18.3999996185303 15.2399997711182 12.4399995803833 9.80000019073486 9.47999954223633 9.88000011444092 8.68000030517578 7.71999979019165
2.96000003814697 13.1599998474121 13.8800001144409 14.8800001144409 42.6399993896484 27.4799995422363 97.879997253418 155.080001831055 141.880004882812 201.320007324219 229.039993286133 174.479995727539 212.559997558594 204.520004272461 199.880004882812 58.560001373291 24.1200008392334 97.5599975585938 175.080001831055 130.119995117188 268.399993896484 495.119995117188 290.160003662109 336.880004882812 417.160003662109 302.239990234375 96.4800033569336 67.3199996948242 61.5200004577637 55.0400009155273 50.6800003051758 51.2000007629395 49.8800010681152 40.2000007629395 39.5200004577637 36.4799995422363 36.2000007629395 31.2800006866455 26.4799995422363 22.7600002288818 19.3600006103516 16.5200004577637 14.5200004577637 12.5200004577637 9.80000019073486 8.23999977111816 7.40000009536743 7.44000005722046 7.80000019073486
