Scripts_&_data/Environmental_rasters/Elevation_RABV_CA_008.asc
NCOLS 960 
NROWS 840 
XLLCORNER 100.9998876 
YLLCORNER 8.9999724 
CELLSIZE 0.00833333000000001 
NODATA_value -9999 
[rows 215 to 257 of 840, columns 190 to 284 of 960]
355 356 343 336 332 322 305 294 287 286 287 287 276 271 272 268 271 267 266 263 258 256 252 254 268 266 267 263 272 281 297 303 298 290 285 300 316 319 300 319 327 343 374 366 412 360 312 314 219 155 114 103 98 95 91 91 87 84 84 82 81 80 78 76 74 73 73 72 72 70 70 69 68 67 66 65 64 65 63 61 57 57 57 56 53 52 52 54 51 51 50 51 56 55 54
366 358 352 343 331 315 299 298 293 285 280 275 272 266 264 261 259 260 261 260 259 253 259 264 268 271 283 283 268 278 286 296 300 294 293 298 303 319 339 408 380 397 435 390 407 281 132 120 113 106 100 97 93 92 88 87 85 83 81 80 79 77 76 74 72 71 71 70 70 69 68 68 67 65 65 63 62 62 60 59 57 56 55 54 53 52 50 52 51 50 48 49 49 51 51
379 370 362 345 340 316 309 295 286 276 275 274 274 272 271 266 270 267 270 265 257 258 279 280 277 274 274 279 281 276 282 294 303 303 300 304 325 350 372 400 420 437 465 355 193 141 111 108 103 101 99 95 91 88 86 83 81 80 78 78 77 75 74 72 70 69 69 67 68 66 66 66 65 63 61 60 60 59 58 57 55 54 52 54 52 51 49 48 49 51 50 47 48 49 50
400 389 378 377 356 338 325 310 291 279 275 272 286 302 303 289 279 276 278 267 270 269 281 288 284 278 279 286 294 298 298 303 311 317 316 310 347 380 436 423 421 442 381 230 132 108 103 103 100 97 93 92 88 86 84 82 80 78 76 75 74 74 73 71 68 68 67 66 65 66 64 65 64 63 60 58 57 56 56 55 52 51 50 49 49 50 49 47 48 51 50 47 48 47 48
414 409 392 401 391 364 337 317 299 290 281 278 297 325 306 291 278 285 292 278 281 282 288 292 293 293 291 281 319 317 321 327 328 336 346 315 364 391 415 434 401 315 188 123 106 102 99 97 96 93 90 88 85 85 81 80 79 76 74 73 73 72 72 70 67 66 64 64 63 63 63 63 62 62 60 59 57 56 55 52 51 49 47 48 47 47 47 45 46 50 49 47 46 44 44
439 426 371 350 410 380 352 340 321 304 296 300 299 310 291 284 285 294 307 312 299 306 304 305 288 290 301 175 288 336 334 350 352 354 372 347 253 349 336 235 184 132 110 104 99 98 97 95 92 91 89 87 84 82 80 78 76 74 73 71 71 70 70 68 65 64 62 63 62 63 61 59 59 59 59 57 55 55 54 52 50 48 46 46 45 45 44 44 44 50 50 47 45 44 45
441 435 386 243 353 412 386 363 324 293 318 364 331 315 294 302 309 318 323 341 336 312 321 266 190 139 173 117 136 230 221 262 361 380 405 298 137 139 147 111 104 99 98 101 95 93 92 92 89 88 86 84 83 80 78 76 74 73 71 69 68 68 68 66 65 64 62 61 60 59 58 58 57 56 55 57 56 55 54 54 52 51 48 46 43 43 43 43 44 47 48 47 43 43 44
289 379 403 212 226 331 406 371 346 258 305 333 351 334 311 339 359 355 368 362 352 339 276 128 110 102 99 101 101 104 109 121 219 289 336 239 116 102 97 95 93 92 93 96 94 91 90 89 88 85 84 82 79 78 76 74 72 71 70 68 67 66 66 64 63 62 62 60 58 57 56 57 56 54 54 55 56 56 53 51 51 52 50 50 45 42 42 43 43 47 48 46 44 43 42
177 244 277 172 149 182 333 380 353 236 192 311 360 351 349 367 351 304 293 288 321 298 153 109 103 97 93 93 95 97 97 98 97 106 117 106 94 95 91 88 87 90 91 91 90 89 87 86 85 84 82 80 80 77 74 73 71 69 68 66 65 65 64 63 63 61 59 57 57 56 55 54 54 53 52 52 54 54 51 49 49 49 50 50 47 42 41 41 42 44 46 46 44 42 41
149 148 150 137 136 141 214 254 182 141 126 152 219 277 249 196 153 122 122 118 123 123 107 103 97 93 89 89 90 91 91 90 87 88 88 89 88 89 86 86 84 85 88 86 86 84 85 83 82 82 79 78 77 74 73 72 70 68 67 65 65 62 62 60 60 60 58 56 55 54 53 54 51 52 50 50 50 50 50 46 46 46 47 46 46 43 41 40 40 44 45 43 44 42 41
144 138 134 131 129 127 133 129 121 118 118 115 119 122 115 109 107 102 104 105 104 101 98 96 93 90 87 84 85 87 85 86 83 81 79 82 82 85 83 84 83 83 84 84 82 81 82 81 80 79 78 76 75 73 72 69 68 67 65 64 62 61 60 59 59 59 58 56 54 54 53 53 51 51 49 47 46 45 46 44 43 41 41 41 42 42 40 39 38 41 41 40 44 42 40
144 144 144 165 150 133 124 121 118 113 111 111 108 105 104 101 99 97 97 98 97 95 94 91 89 87 83 80 82 81 81 81 79 78 76 79 79 81 80 80 80 81 81 80 78 79 79 79 79 77 75 74 73 71 70 69 67 66 64 63 58 58 58 58 58 57 56 55 54 53 53 52 51 50 49 46 44 45 44 43 42 42 42 41 39 39 41 37 37 37 40 37 39 40 39
157 158 209 327 268 212 132 124 119 116 112 109 107 104 101 99 97 96 92 92 92 90 89 88 85 83 80 79 79 78 78 77 76 75 75 75 76 77 77 77 78 78 78 77 76 77 77 76 76 75 73 72 70 69 70 70 69 67 66 63 60 58 57 56 57 56 56 55 54 54 52 51 51 49 48 47 45 44 44 42 43 42 40 40 39 38 38 36 35 35 36 36 35 34 36
186 249 295 404 381 254 149 167 152 137 118 112 107 105 102 100 97 94 92 91 88 87 86 84 82 80 77 76 77 76 75 75 74 74 72 72 73 73 73 75 76 76 74 73 73 73 73 73 73 72 71 70 68 68 70 70 72 70 67 66 65 64 62 59 57 55 55 55 54 53 52 51 52 53 50 48 47 45 45 46 45 42 41 40 37 37 37 35 34 35 36 37 35 32 34
315 389 439 488 430 259 232 295 278 274 154 130 116 107 102 99 96 93 91 89 89 87 84 81 81 79 77 75 74 74 73 72 70 71 69 70 71 71 72 72 72 72 72 70 69 70 70 71 71 69 69 69 68 66 67 72 73 72 69 70 70 69 66 63 60 59 63 62 56 55 54 59 62 57 53 49 47 48 48 49 49 46 43 40 39 38 37 36 34 34 36 37 35 33 32
381 452 479 489 375 310 401 446 409 380 254 189 127 109 104 100 96 94 92 89 88 86 85 84 80 78 77 74 72 72 70 69 68 67 66 67 68 68 69 69 70 69 69 70 67 67 68 68 68 67 67 66 65 64 65 68 72 73 73 73 74 70 67 64 62 64 66 60 57 57 62 67 66 60 54 50 49 49 51 50 50 47 45 43 41 39 37 37 37 35 33 34 36 34 31
241 260 251 274 226 279 462 477 441 477 374 242 125 110 104 99 97 94 92 90 88 84 82 83 81 79 77 74 73 70 70 68 67 65 64 64 64 66 66 66 67 68 66 68 66 65 66 66 65 65 65 64 64 63 67 71 75 77 79 79 78 75 73 67 65 65 63 60 59 63 67 69 64 59 53 50 51 53 53 52 51 48 46 45 44 42 42 39 38 37 36 35 35 35 34
151 148 139 157 181 201 341 448 499 493 455 309 132 109 103 98 94 92 90 89 86 85 83 80 79 77 76 74 74 73 71 69 67 67 63 63 62 64 64 64 65 65 64 66 65 63 65 63 62 62 62 62 62 68 73 79 84 90 88 91 87 80 80 74 69 65 64 63 65 68 66 63 58 56 53 52 53 54 53 53 51 47 47 47 48 46 44 43 42 40 39 42 40 37 37
123 123 122 122 131 140 185 320 380 324 272 223 126 107 100 95 92 91 88 87 86 84 83 79 78 77 75 73 73 72 70 69 67 66 64 62 62 62 62 62 63 63 62 62 63 63 61 61 60 60 60 61 63 73 77 87 93 98 97 99 95 90 91 81 72 66 67 67 67 67 62 58 56 55 55 55 55 54 55 54 52 49 50 53 53 53 53 51 48 48 46 48 43 44 45
119 118 116 116 116 117 137 154 171 146 131 134 108 100 96 92 90 89 86 84 83 82 81 80 79 76 75 74 71 70 69 68 66 65 62 62 61 61 60 61 60 58 60 60 61 63 61 58 59 58 58 60 66 74 83 89 88 95 101 103 103 106 102 91 77 70 69 68 67 64 60 58 58 58 58 58 57 57 58 56 53 52 53 57 58 59 59 58 58 58 58 53 51 53 51
118 116 113 112 111 108 107 112 111 112 104 102 99 96 93 90 88 88 85 84 81 79 80 79 78 77 75 74 72 70 67 67 64 63 62 61 61 60 59 59 59 58 57 57 58 60 60 57 56 56 57 58 66 76 80 79 85 90 100 92 92 95 92 83 75 68 69 68 66 64 60 58 60 61 61 62 59 59 62 60 58 57 56 58 61 63 57 55 55 57 57 54 53 49 45
117 114 111 109 107 104 104 103 101 99 98 96 93 93 91 89 88 88 86 84 82 80 79 78 77 74 74 72 71 69 67 66 65 63 62 61 59 59 61 59 57 56 55 54 55 56 56 55 54 53 55 56 65 69 70 75 77 79 81 79 79 78 75 71 68 64 67 69 67 64 62 62 63 63 64 62 61 62 63 62 61 59 57 59 59 55 52 50 46 45 47 50 54 51 46
116 113 111 108 105 104 104 103 100 97 95 94 94 93 91 90 88 87 85 83 82 81 80 78 76 75 73 72 70 69 68 67 65 63 62 60 60 59 59 59 57 55 54 53 52 53 52 51 52 52 53 54 57 61 63 65 67 67 67 67 69 67 65 63 61 61 65 68 69 66 65 65 67 67 68 66 65 66 65 67 65 64 63 62 59 56 51 48 45 43 44 46 49 49 46
118 114 110 108 105 110 130 130 105 97 95 94 92 92 90 90 88 87 85 82 82 82 79 79 76 74 72 72 71 69 68 67 65 64 64 63 62 61 59 58 57 55 54 52 51 50 49 49 49 50 51 52 54 56 57 59 60 61 59 61 63 62 59 57 55 59 62 66 68 68 68 69 70 71 71 70 71 71 69 70 70 68 64 61 58 55 51 47 43 40 41 43 43 42 40
122 143 207 214 162 156 208 171 148 139 114 104 105 101 97 91 89 87 85 85 83 82 80 77 76 74 74 73 71 70 69 66 65 65 64 63 62 61 59 57 55 56 54 53 53 50 49 47 47 49 49 49 50 52 54 55 57 56 56 58 59 58 54 54 54 57 61 65 68 70 72 72 75 76 76 77 77 77 76 74 75 71 65 60 54 52 49 45 42 38 39 42 41 39 36
156 176 200 161 140 136 128 130 129 126 121 113 116 116 126 126 126 116 100 100 94 93 98 98 93 85 81 76 73 71 69 66 65 63 62 63 61 61 59 57 56 54 53 53 52 51 50 48 47 47 47 47 48 49 50 52 52 52 53 54 54 53 51 51 53 57 60 63 67 69 73 76 78 80 80 85 86 85 83 82 78 76 69 60 53 50 46 44 40 36 37 40 39 38 36
148 153 138 130 124 124 115 114 110 111 118 110 106 105 108 104 107 107 106 108 104 104 107 101 93 88 83 81 83 86 85 74 67 64 63 61 60 59 57 57 57 54 52 52 52 52 50 50 50 48 46 45 46 46 48 48 49 50 51 50 50 48 49 51 52 56 61 65 67 70 71 76 83 86 88 89 88 85 85 84 79 72 65 57 50 49 45 42 38 35 36 37 40 37 36
127 131 124 123 114 111 109 107 104 108 114 108 97 94 92 93 96 95 100 102 94 100 107 103 97 99 91 90 92 91 92 81 76 68 67 65 62 62 59 56 55 54 52 51 51 51 51 50 48 46 45 46 45 44 45 46 47 48 47 46 46 46 48 51 53 57 61 64 68 71 75 82 88 89 92 87 84 82 76 75 75 68 61 55 48 45 42 39 37 34 36 39 38 35 35
118 120 119 114 109 105 103 103 99 102 102 101 98 91 87 86 88 86 87 87 88 88 92 91 88 89 87 82 86 85 89 86 77 71 78 75 70 65 59 55 54 52 51 50 52 51 50 49 47 46 45 46 44 44 43 44 45 44 44 44 44 45 46 50 53 58 61 65 70 76 83 90 97 88 85 82 78 72 69 66 66 62 56 52 47 42 40 38 34 32 34 37 35 33 32
118 125 127 120 114 109 103 99 95 93 92 92 96 95 85 82 80 81 82 81 83 84 89 89 82 79 80 77 80 80 83 81 78 73 70 68 65 59 56 54 54 54 52 50 49 50 49 49 48 46 45 45 44 43 42 41 42 41 43 44 43 43 47 50 52 56 61 67 77 85 91 100 133 97 78 71 69 66 61 60 58 54 52 49 44 41 38 35 33 33 32 33 32 31 29
133 151 148 131 128 118 110 105 99 95 91 88 87 88 83 81 77 77 77 77 79 81 87 90 81 81 84 78 72 75 81 77 79 74 65 63 58 57 55 54 53 52 50 49 47 49 48 47 47 47 45 44 43 43 42 41 40 42 42 41 40 43 45 48 51 55 61 71 83 95 121 94 83 76 69 63 60 60 56 54 54 50 48 44 41 38 35 33 31 30 30 32 31 29 28
160 257 277 226 189 149 144 119 107 103 98 92 85 82 80 78 76 78 75 74 76 82 89 93 82 79 92 80 68 68 76 73 80 75 68 67 62 59 58 54 52 52 49 48 47 48 47 46 46 46 45 44 42 42 41 42 42 40 39 39 39 40 43 45 49 55 63 72 76 82 79 73 68 64 60 59 55 53 50 51 47 46 44 41 37 35 33 31 30 29 30 32 30 29 27
213 264 432 449 366 287 223 164 130 113 111 103 91 83 79 76 75 73 71 75 82 89 93 101 100 73 71 66 65 68 77 71 74 68 66 72 65 70 67 57 52 51 49 48 46 47 46 45 45 44 44 43 42 42 41 40 41 39 38 37 38 38 41 44 49 57 62 62 62 66 64 61 58 57 54 52 49 47 45 45 44 42 39 37 34 32 30 31 31 29 27 28 27 27 23
148 271 379 365 325 327 328 262 197 142 175 127 93 87 80 77 73 73 70 77 82 90 96 99 76 67 65 64 62 65 72 71 66 60 62 69 66 67 66 59 57 56 53 48 46 44 45 45 44 44 42 42 41 41 40 40 39 40 38 37 36 36 38 41 47 50 51 54 54 56 55 52 51 50 47 45 44 43 42 41 40 38 37 33 31 29 28 27 28 26 26 26 26 23 21
94 125 231 321 305 287 291 291 293 266 246 105 87 82 82 86 80 73 69 71 78 84 80 73 66 63 62 61 60 63 70 67 63 57 56 60 60 64 62 59 56 54 56 53 48 45 44 44 43 43 42 42 41 40 38 39 38 38 38 37 35 35 35 36 39 41 43 44 45 46 46 45 44 42 41 40 41 39 37 37 35 33 32 31 29 27 26 25 26 25 26 26 26 24 21
85 92 113 167 207 225 252 294 352 252 134 79 75 74 72 76 80 74 68 70 78 84 82 72 65 60 59 58 59 61 68 61 62 57 54 60 62 54 55 55 55 51 50 51 54 46 44 44 43 42 41 40 40 39 38 37 38 37 37 37 36 34 33 33 33 35 37 38 39 40 40 39 38 37 37 36 35 35 33 32 33 32 29 27 25 27 25 23 24 23 24 25 25 24 20
81 84 83 89 95 105 193 298 245 125 83 75 71 71 68 74 77 70 67 69 79 79 79 70 64 59 57 56 57 56 64 60 63 59 52 53 57 53 48 47 46 45 45 49 49 48 43 43 42 40 40 40 38 39 38 37 36 38 36 36 35 33 33 33 33 33 34 34 34 35 34 33 33 33 33 33 33 32 32 31 29 27 26 24 23 22 21 21 21 22 23 23 23 22 20
77 78 79 81 83 83 93 116 106 86 77 71 67 66 64 71 71 64 66 68 75 75 74 71 65 63 58 54 53 54 57 55 58 54 49 51 53 52 49 44 42 41 47 44 41 46 42 41 41 40 39 38 38 37 37 37 36 36 36 35 35 33 33 32 32 31 32 31 30 30 30 29 30 29 29 30 31 30 29 28 27 25 22 21 20 20 20 19 19 20 22 20 20 20 19
73 73 75 75 77 76 77 78 77 75 72 67 65 63 61 67 64 63 66 72 74 71 72 72 64 66 63 55 52 51 49 53 57 53 48 47 46 44 43 44 41 41 47 42 39 40 42 40 39 38 38 37 38 36 36 36 35 35 35 34 34 33 33 32 32 32 31 31 29 28 28 27 26 26 27 28 28 27 27 25 24 22 20 21 20 19 20 19 19 19 19 19 18 19 19
71 71 71 71 72 72 72 72 71 71 69 67 63 61 61 61 61 62 70 71 73 66 61 61 61 67 68 58 51 50 48 48 48 48 50 44 43 41 42 41 37 40 47 45 40 36 40 40 39 38 37 36 36 36 35 35 35 34 34 34 33 33 33 32 31 31 30 29 29 28 27 27 26 26 25 24 24 24 23 23 21 21 21 20 18 18 18 18 18 17 17 18 18 18 18
68 68 67 66 66 68 67 67 66 66 65 65 61 59 58 60 61 64 68 65 70 69 66 61 57 59 59 55 50 48 47 46 44 44 48 46 41 41 38 38 35 37 40 48 46 40 35 37 38 36 36 35 35 35 34 34 34 33 34 34 33 33 32 32 31 30 28 28 27 26 27 27 26 26 25 24 23 22 22 21 21 20 20 19 18 18 17 17 17 17 19 18 17 18 18
67 65 65 63 63 63 63 64 63 62 62 61 59 57 56 60 61 63 63 65 65 64 62 58 55 54 53 50 49 47 46 45 44 42 41 41 40 38 37 36 34 35 40 45 45 39 34 35 35 36 35 34 34 34 33 34 33 33 32 33 32 31 31 31 31 29 27 28 26 25 25 25 25 25 25 24 22 22 22 22 21 20 20 19 18 18 17 16 16 16 17 17 17 17 17
65 68 64 62 61 59 59 60 59 59 60 59 60 55 56 59 60 58 58 59 60 60 58 56 55 55 54 51 51 50 48 46 43 41 38 38 37 37 36 35 33 32 38 44 41 36 34 34 35 36 35 33 33 32 32 33 32 31 31 32 32 31 30 30 30 27 26 28 26 27 29 29 26 23 23 23 22 22 22 22 21 20 20 18 18 17 16 16 16 16 16 16 16 17 22
