Scripts_&_data/Environmental_rasters/Human_pop_density_RABV_CA_04.asc
NCOLS 192 
NROWS 168 
XLLCORNER 100.998749611 
YLLCORNER 8.999583499 
CELLSIZE 0.0416666665000001 
NODATA_value -9999 
[rows 110 to 131 of 168, columns 96 to 143 of 192]
679.258728027344 327.569427490234 119.000839233398 95.4068984985352 160.774688720703 347.442077636719 155.537719726562 139.042602539062 192.689346313477 150.176330566406 152.074844360352 170.989944458008 112.401473999023 106.479141235352 169.063568115234 162.541793823242 93.2164916992188 189.718566894531 168.933074951172 190.721969604492 171.966705322266 90.1333236694336 154.358383178711 150.092147827148 161.673812866211 159.656265258789 197.03401184082 226.04621887207 197.593200683594 464.284149169922 114.208183288574 59.8751373291016 19.4819564819336 94.6809997558594 162.40461730957 144.406982421875 116.641899108887 90.8764190673828 501.876159667969 153.924880981445 81.3611221313477 184.176864624023 110.06005859375 329.077911376953 281.281433105469 83.118782043457 55.1592636108398 42.2332611083984
967.609680175781 326.099578857422 98.0899353027344 42.7698936462402 79.8081893920898 233.417114257812 132.320526123047 149.038604736328 88.55908203125 192.529846191406 203.469253540039 175.215194702148 168.774810791016 149.237075805664 198.81787109375 215.845352172852 122.010246276855 195.967132568359 118.431106567383 144.708450317383 167.956237792969 105.05835723877 91.9578628540039 131.453582763672 190.762680053711 344.411712646484 764.067749023438 583.3203125 248.373748779297 220.336456298828 139.1142578125 76.1524353027344 65.4405822753906 119.461196899414 166.959335327148 183.234527587891 129.959777832031 129.623229980469 339.994079589844 656.240966796875 172.587539672852 203.320266723633 185.246643066406 297.320831298828 166.042572021484 65.7096710205078 59.7107543945312 44.2104949951172
424.264404296875 520.984130859375 193.111419677734 45.5810623168945 47.7411003112793 159.522811889648 250.669906616211 258.909240722656 95.7440185546875 173.361190795898 201.384521484375 208.65739440918 172.113693237305 216.78889465332 212.224807739258 178.670257568359 130.972869873047 156.179733276367 116.99324798584 141.584930419922 144.043914794922 82.1597595214844 82.430793762207 125.166694641113 623.564208984375 1039.39050292969 2946.31958007812 1891.07922363281 445.682678222656 132.628707885742 72.7820281982422 143.101425170898 379.571166992188 270.318145751953 283.030700683594 619.087768554688 283.441864013672 106.590316772461 154.611618041992 339.566558837891 190.632614135742 196.756408691406 668.257751464844 891.961730957031 210.535736083984 92.0383682250977 54.5288124084473 29.5204467773438
424.543975830078 372.167572021484 160.998382568359 66.1837463378906 51.0002670288086 65.9066772460938 757.040954589844 531.941101074219 117.563041687012 198.112335205078 241.105606079102 186.511825561523 223.956512451172 269.273315429688 246.878479003906 227.101119995117 198.199493408203 159.89372253418 102.93856048584 117.773971557617 159.655654907227 138.169647216797 114.18815612793 234.401824951172 198.585647583008 362.602813720703 1154.05407714844 2810.74877929688 426.328216552734 228.468215942383 124.217613220215 174.984497070312 1157.13305664062 476.287017822266 163.211639404297 203.897537231445 159.719985961914 211.070678710938 257.930511474609 433.877166748047 99.1352996826172 207.873199462891 804.050659179688 678.533203125 214.836715698242 121.437828063965 54.7485961914062 25.8354225158691
527.221069335938 236.131240844727 75.8536376953125 77.1071243286133 83.8338088989258 91.818717956543 251.263549804688 233.691253662109 367.649169921875 142.292984008789 186.933868408203 193.580535888672 172.584609985352 201.062911987305 228.722732543945 163.151275634766 188.370101928711 188.342697143555 145.449981689453 139.530090332031 125.592971801758 132.923782348633 78.4394378662109 69.9222869873047 106.975273132324 170.387145996094 411.143432617188 1094.12878417969 338.7861328125 206.430206298828 385.232513427734 134.335739135742 198.546630859375 295.877227783203 150.480560302734 167.566024780273 122.086791992188 244.412857055664 408.301727294922 388.571228027344 232.934005737305 473.574920654297 315.597320556641 172.48274230957 118.433555603027 121.518058776855 48.8151817321777 27.7152538299561
286.608215332031 490.290283203125 130.954208374023 122.488571166992 66.8666610717773 200.064712524414 188.31623840332 111.804962158203 209.142868041992 233.287963867188 197.157913208008 173.058959960938 200.923950195312 187.917694091797 153.652313232422 152.742370605469 189.82177734375 200.330337524414 121.696067810059 126.690505981445 127.309722900391 150.372436523438 89.4334487915039 85.1016235351562 62.5850067138672 64.0944671630859 119.57918548584 333.027282714844 295.333129882812 253.638381958008 248.795867919922 577.96484375 165.460983276367 275.689239501953 436.454315185547 213.934753417969 164.194473266602 315.660247802734 626.983276367188 244.74577331543 329.025207519531 519.81298828125 101.215576171875 103.577430725098 174.526016235352 130.250335693359 90.2953414916992 35.7805252075195
295.478790283203 555.467102050781 244.272308349609 188.220657348633 77.838493347168 139.36979675293 150.288299560547 130.342788696289 189.160781860352 209.26155090332 214.552032470703 265.659515380859 244.714416503906 276.930450439453 248.836227416992 208.213958740234 206.47346496582 222.79719543457 216.316513061523 168.961334228516 135.039581298828 128.918594360352 74.606819152832 67.2947616577148 52.1984672546387 47.9725608825684 172.078018188477 243.165145874023 160.442779541016 403.114196777344 324.334411621094 676.150085449219 247.357147216797 172.079956054688 643.903442382812 579.984680175781 531.424194335938 668.198974609375 2537.7626953125 885.29736328125 620.47998046875 427.744659423828 225.150909423828 270.071716308594 477.543884277344 137.389801025391 164.497772216797 91.1681442260742
259.372436523438 701.015380859375 167.257049560547 161.210754394531 127.444313049316 139.360443115234 132.490814208984 198.901824951172 214.478866577148 288.300933837891 223.181106567383 185.486312866211 134.140563964844 202.739700317383 260.490295410156 197.383255004883 199.190841674805 255.827178955078 308.275695800781 472.178314208984 115.596450805664 81.140510559082 83.8777084350586 79.9084930419922 105.803726196289 70.7542266845703 163.708908081055 334.476348876953 573.607360839844 396.587249755859 1067.20349121094 729.1474609375 376.9404296875 248.368133544922 178.357284545898 335.417816162109 791.975280761719 786.046081542969 1155.91442871094 1208.40759277344 1127.77770996094 405.598327636719 957.151672363281 381.232849121094 427.664276123047 111.057472229004 360.433258056641 403.817138671875
139.20654296875 536.245727539062 125.599166870117 91.8061294555664 163.628601074219 137.093658447266 170.966369628906 168.87939453125 198.548416137695 225.351196289062 201.314010620117 126.587776184082 132.917404174805 246.806167602539 221.55046081543 216.654907226562 252.787887573242 196.682281494141 241.387664794922 559.20751953125 190.295913696289 316.363525390625 180.581573486328 111.292755126953 99.3330612182617 197.997650146484 301.514343261719 394.415008544922 508.211517333984 357.955749511719 601.620056152344 611.280883789062 773.60498046875 328.560974121094 499.048187255859 638.956909179688 614.145385742188 857.009826660156 1004.61114501953 1656.41271972656 2340.869140625 761.48681640625 1646.80407714844 1104.98901367188 599.859375 389.619903564453 708.751037597656 140.186645507812
115.442749023438 356.120086669922 95.1109085083008 71.3180160522461 126.047843933105 131.048248291016 150.311477661133 196.813629150391 193.191360473633 122.590316772461 108.509010314941 107.213691711426 112.018852233887 252.269180297852 153.234466552734 193.048599243164 222.077911376953 115.27799987793 99.5300140380859 117.363830566406 107.49730682373 161.097030639648 185.248336791992 191.38688659668 282.742401123047 175.727737426758 117.204231262207 88.3028564453125 110.635520935059 536.122741699219 187.574310302734 613.158203125 1142.36682128906 1152.41711425781 956.481689453125 762.833068847656 824.240295410156 937.054443359375 1088.3505859375 3717.537109375 2433.42797851562 1591.33422851562 1243.47229003906 733.935668945312 1232.07958984375 901.343078613281 277.969177246094 217.24055480957
90.6121215820312 434.001892089844 315.570343017578 103.190277099609 152.537231445312 91.9524307250977 122.016387939453 174.585815429688 196.967803955078 175.478546142578 325.142242431641 102.572723388672 129.504959106445 224.439804077148 180.583267211914 127.021423339844 99.3728485107422 71.3709106445312 53.1490440368652 70.9432067871094 108.394416809082 122.397720336914 143.396514892578 129.659271240234 118.69278717041 94.7431030273438 157.520050048828 140.732070922852 97.0775451660156 154.037124633789 140.880783081055 211.982757568359 249.386566162109 501.158752441406 684.896301269531 2244.68481445312 1866.70080566406 1350.70080566406 1566.69445800781 5429.09521484375 8239.171875 7295.81787109375 1707.87365722656 1571.40673828125 6843.66455078125 5281.35400390625 1934.12390136719 834.968994140625
20.6456336975098 702.432739257812 1144.13720703125 152.454772949219 175.901840209961 75.6480484008789 79.7568740844727 98.4790344238281 119.406158447266 196.83869934082 402.719177246094 165.385589599609 117.649932861328 69.0203628540039 58.3089027404785 59.9561080932617 107.042594909668 75.2297897338867 73.36962890625 82.3964385986328 105.802360534668 93.6763610839844 194.373199462891 121.084518432617 83.104866027832 95.8900451660156 97.445556640625 221.65299987793 155.583511352539 115.543319702148 176.666687011719 257.725708007812 286.587738037109 266.674194335938 449.332397460938 499.819091796875 1260.41638183594 1395.30871582031 1024.36303710938 1459.80456542969 5518.921875 10657.2900390625 5096.2265625 5012.63818359375 8183.29833984375 3590.861328125 1115.05969238281 1802.83154296875
151.91389465332 757.459411621094 557.091979980469 374.612457275391 1027.37646484375 290.217651367188 371.537811279297 129.40315246582 70.8689498901367 97.2864227294922 404.393280029297 279.99072265625 139.530227661133 104.211929321289 74.3395843505859 51.7342758178711 57.2622337341309 77.4961929321289 486.030578613281 278.699523925781 94.555419921875 89.154914855957 154.2587890625 86.0867309570312 121.562202453613 137.362442016602 74.952995300293 72.1669006347656 62.3647079467773 91.2890319824219 233.512344360352 681.892700195312 205.04280090332 830.254699707031 498.579040527344 408.516296386719 783.726379394531 2474.814453125 5059.34033203125 4938.828125 6179.43603515625 9618.4326171875 12704.9228515625 5837.7763671875 4415.6484375 2235.82299804688 595.782897949219 613.354858398438
48.1207084655762 489.886291503906 421.578552246094 187.599761962891 418.713165283203 356.374420166016 262.771057128906 316.384765625 412.675964355469 177.017608642578 231.39924621582 385.679412841797 180.222015380859 146.384307861328 91.4998168945312 188.280502319336 211.090072631836 90.5633926391602 120.262748718262 149.179748535156 125.620941162109 127.655281066895 178.328094482422 59.5615119934082 91.9030075073242 87.4753570556641 71.8150329589844 37.0894813537598 41.6054382324219 56.2869873046875 93.6094818115234 211.695205688477 118.569610595703 260.438293457031 490.353088378906 691.950134277344 903.883056640625 2823.93872070312 11838.22265625 21609.21484375 11802.7783203125 9395.5625 14270.4384765625 4516.38134765625 1099.73461914062 498.594848632812 1366.58251953125 650.05419921875
37.071346282959 476.834625244141 950.109436035156 278.995269775391 889.3251953125 1832.95581054688 775.219665527344 708.971008300781 1652.11743164062 367.747375488281 417.754089355469 348.327331542969 443.052673339844 163.39485168457 116.384948730469 143.970108032227 145.82780456543 59.6675834655762 77.698860168457 75.4833450317383 72.0621948242188 153.972961425781 272.666473388672 74.9257736206055 59.651554107666 45.6677284240723 39.9835205078125 35.006908416748 63.8323554992676 71.5542449951172 83.8349838256836 74.3259124755859 74.8266525268555 155.056030273438 646.114440917969 1445.15246582031 877.033020019531 2668.81298828125 12422.603515625 22071.13671875 36592.63671875 15169.92578125 5034.0859375 2347.21704101562 871.957946777344 394.572296142578 1409.1181640625 409.240844726562
47.3713836669922 147.785934448242 699.787109375 588.430236816406 595.309204101562 769.441223144531 1070.16943359375 730.293701171875 752.583129882812 143.771057128906 88.3830871582031 141.977188110352 235.157196044922 62.548755645752 57.0431785583496 105.572082519531 58.1246566772461 45.3080368041992 51.1082878112793 51.4009590148926 56.4747505187988 132.444412231445 852.941650390625 128.857040405273 65.1027374267578 62.7684516906738 47.0420036315918 68.6136932373047 141.442520141602 46.0754547119141 53.7016525268555 49.7668533325195 65.4709548950195 231.588180541992 451.733520507812 800.545593261719 1242.46362304688 2716.99731445312 19500.64453125 46105.19140625 45072.2265625 8705.1005859375 3667.42724609375 993.728454589844 301.566436767578 280.441192626953 1368.72082519531 912.388610839844
40.610538482666 63.1800308227539 1381.77673339844 1169.65502929688 367.950469970703 215.768249511719 739.555419921875 865.283996582031 751.978149414062 241.325576782227 100.724021911621 70.5692596435547 161.350219726562 77.6044769287109 56.3676643371582 63.5277252197266 84.1104431152344 66.1567153930664 54.4619445800781 63.1974067687988 69.0695037841797 74.6646881103516 89.1210861206055 209.126007080078 104.483695983887 73.9706878662109 46.5084228515625 41.2556381225586 48.5009117126465 47.8668899536133 57.0486755371094 63.1172866821289 87.9446487426758 103.324584960938 362.254150390625 275.226440429688 650.878784179688 1836.1123046875 12644.1318359375 23599.517578125 13153.740234375 7595.2529296875 271.496398925781 732.870178222656 572.115783691406 742.329223632812 1666.20825195312 733.305969238281
107.772071838379 630.158020019531 1402.20068359375 1690.0869140625 780.749938964844 410.287200927734 236.831039428711 330.065032958984 732.224060058594 674.4189453125 391.845764160156 274.426086425781 231.739868164062 618.315673828125 216.198669433594 240.597091674805 115.452163696289 84.7419815063477 132.371200561523 83.2189254760742 60.9071960449219 66.8130950927734 62.6556091308594 104.731597900391 128.031616210938 50.0470886230469 52.0593109130859 121.302803039551 202.386184692383 89.6952056884766 86.0947570800781 66.8071060180664 63.4074478149414 114.84716796875 408.44384765625 301.61572265625 549.613525390625 2206.84887695312 3540.91137695312 2205.08740234375 1098.31848144531 2109.65502929688 550.621643066406 470.198852539062 447.181854248047 426.825927734375 588.672729492188 270.725494384766
332.844909667969 346.987335205078 262.291015625 253.732757568359 875.018920898438 642.821044921875 224.053909301758 360.855804443359 671.361022949219 408.055358886719 233.858871459961 134.191497802734 219.558929443359 315.550628662109 135.360122680664 189.063858032227 127.353858947754 100.433097839355 432.198760986328 274.42236328125 123.737991333008 138.983184814453 122.902214050293 80.8605728149414 133.971862792969 135.409942626953 85.8658981323242 264.032928466797 430.342803955078 95.8315811157227 71.5365447998047 95.6512756347656 111.269142150879 218.40461730957 376.881164550781 1456.03173828125 1092.306640625 1561.85632324219 1600.15161132812 1457.68347167969 925.492797851562 1562.69396972656 552.1904296875 251.672882080078 220.004318237305 135.25634765625 177.341064453125 110.873016357422
479.855041503906 88.2394943237305 121.379135131836 198.451858520508 581.443298339844 1247.72021484375 406.880737304688 416.584930419922 1255.14624023438 514.268188476562 419.485198974609 233.810363769531 430.096801757812 132.274383544922 90.2405700683594 119.284812927246 115.456634521484 91.1387557983398 79.4747161865234 186.676376342773 113.143714904785 91.8808135986328 105.698593139648 105.463134765625 335.706634521484 809.715576171875 108.310905456543 72.1113815307617 103.057815551758 58.8686332702637 57.0759124755859 200.986251831055 358.772399902344 979.561401367188 1016.34228515625 828.440063476562 606.708862304688 794.602844238281 1036.962890625 1067.45788574219 1024.08508300781 505.656951904297 251.971298217773 347.780120849609 234.189910888672 71.1015319824219 66.1678771972656 78.8301162719727
385.002227783203 110.518890380859 152.468048095703 447.982208251953 452.061584472656 1051.93908691406 975.794372558594 802.849182128906 1323.35229492188 1428.56274414062 776.8798828125 867.792053222656 698.25830078125 208.028991699219 116.440399169922 155.176025390625 152.963806152344 162.462127685547 100.638519287109 219.342269897461 215.149597167969 126.505874633789 159.422103881836 140.622344970703 137.568252563477 146.839508056641 70.1609725952148 59.0344848632812 71.6874008178711 48.0582809448242 52.4591217041016 203.71923828125 650.396545410156 1415.9375 1006.06323242188 496.659973144531 491.856414794922 377.990081787109 702.040588378906 624.520568847656 510.515441894531 298.952087402344 116.511848449707 202.873413085938 110.471733093262 60.8913421630859 55.7489204406738 63.4963722229004
434.0546875 228.131286621094 290.3505859375 417.086761474609 198.652572631836 256.297241210938 255.800994873047 1009.94384765625 507.200988769531 750.042175292969 812.096008300781 1081.34814453125 587.118835449219 816.648559570312 386.867584228516 505.876983642578 286.195556640625 548.81494140625 238.794845581055 423.497131347656 1026.12194824219 313.413116455078 349.907348632812 680.659851074219 294.02001953125 363.894226074219 350.420166015625 58.4248809814453 70.7262573242188 59.527027130127 103.936569213867 272.032043457031 658.229187011719 2129.17797851562 1413.91516113281 836.428649902344 641.544067382812 265.840515136719 1101.63439941406 418.575561523438 585.137145996094 380.415832519531 129.22380065918 65.7853088378906 88.6939392089844 70.8804931640625 44.0727043151855 68.7037963867188
