Scripts_&_data/Environmental_rasters/Human_pop_density_RABV_CA_04.asc
NCOLS 192 
NROWS 168 
XLLCORNER 100.998749611 
YLLCORNER 8.999583499 
CELLSIZE 0.0416666665000001 
NODATA_value -9999 
[rows 0 to 21 of 168, columns 48 to 95 of 192]
40.6268882751465 80.5547790527344 80.1112289428711 75.3809127807617 80.9505996704102 50.7715454101562 52.7942810058594 63.2683753967285 110.76148223877 80.4046783447266 133.331008911133 145.846923828125 121.989486694336 104.541290283203 92.8705444335938 97.3444747924805 97.5376663208008 104.191436767578 76.3914413452148 74.8179397583008 111.271415710449 85.0637817382812 127.72615814209 112.21614074707 108.973762512207 48.321704864502 73.3229827880859 54.1629447937012 59.0860176086426 110.17894744873 68.5747680664062 70.3727951049805 63.7688636779785 68.7054977416992 42.6698570251465 60.7974128723145 57.4288787841797 53.1833419799805 41.217155456543 110.224388122559 43.6985931396484 50.7179527282715 34.439281463623 35.6742744445801 39.3027801513672 30.2781181335449 31.6294021606445 30.7424163818359
104.480514526367 56.8477783203125 74.5458297729492 104.928352355957 83.1822128295898 83.3122406005859 95.4578475952148 80.8966674804688 142.2255859375 78.5243377685547 128.438705444336 91.5249404907227 147.460678100586 67.0808792114258 80.4544067382812 75.9464721679688 87.2881851196289 69.052848815918 94.5762405395508 68.266242980957 79.8123092651367 108.847412109375 92.6077194213867 121.972671508789 65.868408203125 113.362808227539 88.5155868530273 58.2115097045898 114.148284912109 151.129241943359 80.394401550293 69.5547790527344 57.9990234375 84.4901275634766 47.8706817626953 55.615478515625 34.2660827636719 26.990327835083 45.3747482299805 75.7741622924805 41.4233207702637 35.5939979553223 30.5309867858887 34.701099395752 24.5146751403809 31.8148250579834 33.0612869262695 57.5708427429199
97.9057846069336 97.0442733764648 48.9003639221191 94.1791458129883 71.0943603515625 77.0175170898438 121.124900817871 127.481201171875 127.225212097168 129.771453857422 140.957138061523 86.9584426879883 83.8908996582031 67.8043594360352 87.5683441162109 77.2436904907227 49.3013648986816 91.9198913574219 80.6624374389648 95.4112854003906 80.9788131713867 106.854072570801 115.038719177246 87.0976638793945 46.5921058654785 131.188613891602 63.3720245361328 68.8734512329102 131.507400512695 96.4134674072266 74.9575805664062 70.2549362182617 48.6868553161621 48.385627746582 61.1760787963867 48.1118431091309 32.8292350769043 33.6375503540039 178.933547973633 191.914901733398 48.2346878051758 30.4529972076416 21.9713954925537 27.0553569793701 34.9485816955566 95.5802459716797 90.8271789550781 57.9624519348145
59.8075523376465 85.7510223388672 55.4784545898438 51.6960983276367 114.123695373535 94.1222763061523 78.1154556274414 68.9287796020508 187.989318847656 286.278991699219 96.5360488891602 84.5269165039062 118.200469970703 313.02880859375 118.283843994141 81.8827285766602 74.093017578125 94.9945068359375 74.8379058837891 82.163703918457 153.493728637695 183.490127563477 106.903800964355 93.4649353027344 46.5364227294922 90.4726333618164 103.893531799316 119.102836608887 94.87744140625 65.8165969848633 92.1196975708008 65.0491180419922 52.5976905822754 116.354331970215 66.1031265258789 74.4617233276367 94.8704376220703 60.3656730651855 215.603881835938 453.71435546875 59.1865730285645 53.079044342041 53.1278038024902 50.447940826416 41.3444671630859 47.9866523742676 55.0481567382812 96.3299026489258
227.198455810547 96.3632202148438 49.8026847839355 71.2829971313477 71.4863662719727 74.1340484619141 69.0969467163086 90.8936462402344 166.147689819336 116.735206604004 83.9843521118164 76.798828125 131.150451660156 155.662399291992 85.5757827758789 83.8744659423828 68.6083145141602 190.728546142578 98.8284225463867 56.8725280761719 88.3048324584961 103.615730285645 164.37565612793 70.9127578735352 68.5683135986328 79.2649688720703 140.666702270508 862.422058105469 163.277099609375 115.491912841797 68.2016067504883 69.5200119018555 56.0246543884277 123.168395996094 74.868896484375 103.575912475586 52.2937965393066 56.0050735473633 70.5732421875 107.473457336426 54.1100883483887 46.6675491333008 51.451904296875 36.2564506530762 43.1100540161133 52.3825225830078 51.4386291503906 115.20499420166
86.103645324707 69.8134536743164 92.7063980102539 91.4147415161133 61.6932144165039 58.5539894104004 71.1548690795898 76.5441055297852 106.328178405762 97.9779052734375 70.824951171875 64.8734359741211 96.5958023071289 134.457794189453 75.3180084228516 63.0303916931152 49.1622428894043 92.9542465209961 68.3393936157227 65.355354309082 57.9548759460449 112.841651916504 76.1041259765625 102.130729675293 82.6162261962891 88.5531387329102 101.082733154297 335.905334472656 308.697540283203 104.678955078125 119.329429626465 101.085189819336 85.2755813598633 47.5655174255371 50.6053504943848 94.4638900756836 58.9042091369629 48.7036437988281 47.5511131286621 87.3187255859375 52.5223083496094 42.6382942199707 69.116455078125 30.924524307251 56.8868141174316 45.2834701538086 76.9751968383789 146.152404785156
67.1611022949219 88.5208892822266 68.0657272338867 77.2633819580078 84.1318283081055 192.572204589844 76.3747024536133 88.1056594848633 102.491172790527 90.8306121826172 99.1778335571289 87.2949600219727 61.6376495361328 70.2397613525391 35.5292320251465 78.9284133911133 49.6656074523926 59.4489517211914 67.4648818969727 70.3542633056641 84.5167770385742 54.383674621582 55.6239776611328 132.932647705078 125.869064331055 91.5110931396484 87.6886520385742 57.3634796142578 77.1948013305664 121.988624572754 153.547653198242 72.644416809082 78.6964721679688 57.0363273620605 66.7379989624023 79.4158401489258 41.1673431396484 71.4551239013672 58.812084197998 97.3037338256836 47.2271156311035 54.4751358032227 63.1191101074219 58.4193534851074 49.1984825134277 52.9677467346191 100.335968017578 104.798210144043
92.7399520874023 92.9739608764648 203.823425292969 99.3953704833984 137.303985595703 118.675262451172 116.100196838379 48.0943565368652 75.0886306762695 123.724731445312 100.504524230957 57.2801475524902 65.4160079956055 110.902618408203 64.7276306152344 65.7069702148438 46.2684631347656 54.6619491577148 78.2704238891602 68.7589569091797 78.688591003418 59.1208114624023 59.9878387451172 119.056953430176 50.0853042602539 89.8564529418945 444.376586914062 75.1772689819336 44.0346717834473 81.2903060913086 160.447891235352 87.2158432006836 66.0100173950195 69.4441223144531 45.8191604614258 99.0604095458984 86.9526290893555 64.7084197998047 74.9068069458008 164.821548461914 120.270225524902 65.8164215087891 70.7478866577148 53.5263671875 154.645309448242 46.0341835021973 105.137626647949 70.763427734375
83.658576965332 71.3932800292969 77.154899597168 83.1964492797852 80.9831085205078 92.2480773925781 104.870643615723 74.3199234008789 184.985855102539 104.217765808105 58.6969413757324 80.7476654052734 71.5351104736328 178.109970092773 191.976165771484 56.7923011779785 81.5802383422852 89.5066680908203 170.825637817383 59.4519958496094 72.1471405029297 77.5357666015625 107.142807006836 75.4720840454102 61.6338043212891 77.388053894043 93.3456497192383 86.4981384277344 72.7870407104492 76.4899978637695 87.4187774658203 305.410278320312 85.5442504882812 65.2599487304688 56.8112831115723 84.6591262817383 40.9591827392578 39.6821556091309 57.112922668457 104.19832611084 114.582908630371 71.8350296020508 53.0285682678223 53.0404319763184 70.6834030151367 46.7645645141602 114.689262390137 109.073112487793
63.1116027832031 65.7156143188477 59.220401763916 98.8399963378906 65.7914505004883 66.1970748901367 75.3648834228516 58.5519371032715 84.3544692993164 59.9470672607422 87.9422302246094 56.8721122741699 66.2637481689453 54.3736457824707 113.611434936523 94.921745300293 75.8572463989258 64.7923202514648 98.966438293457 446.372528076172 98.0671691894531 107.034851074219 64.7277755737305 199.783798217773 89.6005706787109 63.9377365112305 78.8247146606445 77.349983215332 115.710960388184 55.0902099609375 70.0054397583008 60.934741973877 83.0662384033203 86.2700042724609 59.7410469055176 36.304615020752 59.7289581298828 75.2922897338867 86.4870300292969 71.4138946533203 105.848373413086 71.9953231811523 68.5527954101562 54.2817916870117 56.1183547973633 69.2771224975586 84.4464721679688 104.028648376465
132.726165771484 80.2096633911133 52.8996238708496 59.680347442627 117.124351501465 92.1851654052734 63.473217010498 87.2709579467773 93.2223434448242 74.4052658081055 105.344520568848 89.7474899291992 65.7485275268555 39.4153938293457 34.6179504394531 42.9707450866699 110.51057434082 49.7349662780762 43.3247222900391 114.456275939941 61.5560874938965 67.1455230712891 127.285217285156 112.240196228027 82.1728668212891 71.4872207641602 70.6419296264648 130.261657714844 87.0686187744141 75.4969711303711 60.4058494567871 61.844841003418 40.0379981994629 153.223724365234 74.4821243286133 55.3040885925293 39.0870971679688 53.0390930175781 70.5673294067383 80.9204025268555 109.952285766602 93.7211227416992 94.6505737304688 126.181518554688 54.1385231018066 73.3929443359375 70.070686340332 107.976676940918
135.624237060547 79.5283279418945 161.503051757812 89.2717666625977 440.167907714844 137.036712646484 60.9789085388184 85.3000640869141 67.7672348022461 105.388740539551 36.5356063842773 49.2794532775879 53.0551605224609 79.6846313476562 80.6751556396484 27.0561904907227 43.2801704406738 45.1424407958984 45.2207527160645 49.1806602478027 66.8052215576172 51.0838851928711 88.8992919921875 34.0530586242676 47.4504852294922 68.740364074707 78.3753967285156 74.6226959228516 104.997367858887 259.847595214844 65.8570709228516 80.8427963256836 74.148323059082 59.5163040161133 118.536926269531 126.297554016113 78.6498489379883 53.6794128417969 86.7970199584961 83.7930068969727 89.7946319580078 338.772430419922 70.1161117553711 73.255729675293 79.637451171875 64.0305786132812 71.2186508178711 119.694366455078
55.0288925170898 70.1357345581055 68.613395690918 39.7324905395508 65.3100128173828 122.453834533691 71.5354232788086 74.9535369873047 50.0826034545898 39.3524627685547 46.0305252075195 45.8801727294922 41.9985885620117 54.8057136535645 68.891731262207 52.9619102478027 51.1741828918457 41.8956565856934 59.9170036315918 67.4304504394531 57.6852378845215 92.985221862793 45.0217895507812 113.906600952148 112.488006591797 90.7186431884766 69.00830078125 60.0608596801758 87.7571563720703 107.334060668945 80.5723724365234 62.1003303527832 51.957763671875 91.3472671508789 93.5740432739258 155.720428466797 91.7367706298828 72.4379806518555 91.3747940063477 87.9865875244141 89.2957534790039 106.982749938965 124.467002868652 73.3910217285156 89.0586090087891 84.2038879394531 54.5835227966309 133.496978759766
69.1588439941406 50.5581893920898 66.4630584716797 53.7085380554199 41.18408203125 84.2436141967773 85.9272079467773 70.227165222168 64.5208740234375 58.8412971496582 54.5757904052734 49.2139549255371 62.4575881958008 57.1594924926758 43.5786361694336 60.3916664123535 62.8032112121582 83.0134048461914 85.5062103271484 49.9213409423828 57.3251953125 52.2989463806152 60.4830093383789 64.6455459594727 93.8117904663086 66.6360626220703 73.069091796875 71.1577758789062 71.597900390625 104.855163574219 108.92399597168 100.17391204834 71.0301513671875 104.661949157715 92.9098205566406 99.2968978881836 93.784912109375 80.3151168823242 85.5994491577148 54.6802864074707 67.5742416381836 80.0559310913086 92.6598205566406 83.6241760253906 73.7913284301758 80.356315612793 119.472953796387 83.0249099731445
109.5576171875 73.0855255126953 48.9280242919922 48.5418663024902 108.613243103027 39.3351821899414 45.8955879211426 42.5620002746582 45.7656326293945 36.1157264709473 21.7056198120117 31.1250476837158 24.8557243347168 30.1413879394531 37.2886695861816 41.1677742004395 58.017879486084 73.9811935424805 61.822322845459 61.759407043457 74.274658203125 90.5380706787109 65.3008041381836 44.9818801879883 36.7054443359375 35.1168365478516 85.1672286987305 74.7173690795898 85.4728546142578 48.0935516357422 78.5814819335938 65.8156051635742 90.5641250610352 57.3400115966797 127.605484008789 99.5085296630859 162.799392700195 338.536529541016 93.6300048828125 76.3553619384766 47.062328338623 62.987232208252 102.647895812988 138.465087890625 103.447929382324 86.8251037597656 130.418518066406 82.7857208251953
162.269714355469 97.0169219970703 71.1605834960938 51.9149856567383 48.888240814209 60.4287872314453 92.4481887817383 74.8096084594727 113.569122314453 174.103469848633 49.7476196289062 69.7256011962891 57.3904609680176 79.031852722168 69.266845703125 100.981147766113 106.211860656738 69.9351119995117 54.9287910461426 70.7931213378906 63.4153022766113 79.99658203125 72.2733993530273 91.3635711669922 94.7703552246094 80.5905609130859 61.2271728515625 268.571319580078 78.8790130615234 76.5628509521484 54.2037582397461 73.3675003051758 165.539886474609 82.5899505615234 80.3795471191406 170.074356079102 73.6321258544922 99.4198226928711 164.466201782227 168.774887084961 92.8430862426758 102.399055480957 82.0626983642578 261.148406982422 165.28483581543 121.795700073242 118.262367248535 125.551612854004
69.3075485229492 42.693058013916 104.258888244629 135.472061157227 133.037033081055 100.249771118164 232.227233886719 300.405700683594 76.2715072631836 63.3782844543457 72.2682723999023 33.4915428161621 60.7083396911621 52.884880065918 58.0038642883301 86.5364074707031 261.778442382812 101.10578918457 71.7446517944336 109.336570739746 357.330474853516 153.111190795898 209.413162231445 105.057891845703 76.5991592407227 131.342819213867 96.9788818359375 89.604118347168 85.0303955078125 85.7018585205078 60.8417091369629 78.1547775268555 78.3916625976562 125.420822143555 172.256652832031 109.363372802734 68.1074295043945 80.849967956543 135.095291137695 100.97518157959 115.219505310059 120.15559387207 146.588897705078 202.924407958984 350.228271484375 207.987121582031 87.1230010986328 79.0450057983398
125.452247619629 39.3510131835938 46.9313430786133 35.228385925293 95.2124481201172 78.7380828857422 237.136917114258 189.59342956543 56.97705078125 140.439559936523 69.5774154663086 82.2764587402344 88.1384811401367 37.7486000061035 75.3147964477539 50.8102264404297 81.4895553588867 74.1608505249023 80.7200012207031 56.2314186096191 69.9871292114258 74.4156036376953 156.965942382812 74.9021987915039 117.129974365234 93.5447692871094 88.0313186645508 131.666702270508 40.5820922851562 102.838401794434 88.2919006347656 100.241851806641 75.6712265014648 224.209564208984 73.5209732055664 50.9267921447754 126.787956237793 101.984786987305 50.5407447814941 81.4141311645508 94.4454879760742 86.5710372924805 132.121154785156 854.471313476562 1831.66186523438 465.493957519531 185.64875793457 109.12686920166
139.843414306641 184.795700073242 94.0888214111328 84.4613342285156 125.704978942871 105.669479370117 55.3688774108887 81.8963088989258 77.2667617797852 77.4792251586914 70.491096496582 64.8831558227539 123.357765197754 94.6071548461914 75.4736099243164 109.887062072754 65.5388870239258 69.6112823486328 111.909866333008 110.420234680176 86.6929550170898 96.1831283569336 208.916564941406 67.5675354003906 98.8062973022461 141.612503051758 100.642517089844 100.772567749023 99.3922271728516 72.3653945922852 44.7514991760254 80.7267456054688 66.9071807861328 73.2376098632812 71.2653961181641 67.3436965942383 79.0750274658203 87.5968399047852 80.5190277099609 48.5192031860352 65.7920608520508 79.7049865722656 77.340705871582 468.92431640625 2351.01220703125 536.583435058594 158.026092529297 170.743606567383
91.2424850463867 63.2745132446289 106.224746704102 90.0503845214844 104.89485168457 105.570045471191 53.8037109375 109.162826538086 88.6040420532227 65.7945785522461 85.8976745605469 66.9031753540039 80.6502532958984 54.1251449584961 72.7610092163086 131.85888671875 66.7062454223633 91.85546875 183.41015625 145.079818725586 121.100723266602 84.3060607910156 113.638877868652 90.1125640869141 85.4623565673828 104.910041809082 88.8221588134766 130.553955078125 98.8051147460938 100.543762207031 77.0662994384766 69.6814422607422 32.5602760314941 90.4449005126953 80.4496841430664 45.7672500610352 32.6333503723145 76.8000946044922 64.0396194458008 92.8748779296875 42.9185256958008 73.1178817749023 133.163146972656 622.291198730469 1476.50756835938 462.100006103516 84.1074295043945 46.3102188110352
101.865524291992 60.0616569519043 61.4064865112305 90.7750701904297 160.713363647461 66.1120147705078 56.7243690490723 76.9076538085938 101.538269042969 99.9247512817383 132.814651489258 93.3563613891602 115.818222045898 92.103141784668 110.175498962402 121.477249145508 75.6103668212891 135.457733154297 81.7794494628906 138.520935058594 105.950675964355 117.134201049805 104.630104064941 67.2406768798828 123.033012390137 89.3716735839844 118.089614868164 206.372756958008 136.555694580078 104.181289672852 155.009994506836 187.034042358398 96.4098663330078 59.8592681884766 50.5141067504883 52.824104309082 52.5703582763672 56.6899948120117 80.3259735107422 49.9561729431152 86.6065139770508 126.176475524902 240.10986328125 172.631118774414 294.674194335938 375.948028564453 81.4818572998047 58.3811721801758
51.4510040283203 85.2165298461914 64.8218460083008 63.6995162963867 256.536529541016 70.260124206543 127.438369750977 98.1274108886719 68.0239791870117 86.5296173095703 52.1413459777832 70.7196350097656 82.8652725219727 116.694877624512 219.099548339844 90.6212463378906 98.8560943603516 77.3398818969727 135.671661376953 123.362579345703 89.8981323242188 97.3137969970703 128.480331420898 100.888633728027 86.1179122924805 86.2707748413086 135.080184936523 480.904266357422 124.581253051758 99.8536911010742 101.043182373047 737.545532226562 637.784545898438 99.2902069091797 96.1284790039062 65.7795715332031 80.7892303466797 255.854019165039 138.697143554688 58.6303443908691 196.882217407227 76.8823013305664 63.8467254638672 163.664199829102 123.192901611328 351.433776855469 93.6980438232422 39.7388496398926
