Scripts_&_data/Environmental_rasters/Human_pop_density_RABV_CA_04.asc
NCOLS 192 
NROWS 168 
XLLCORNER 100.998749611 
YLLCORNER 8.999583499 
CELLSIZE 0.0416666665000001 
NODATA_value -9999 
[rows 66 to 87 of 168, columns 96 to 143 of 192]
9.11028289794922 9.91096115112305 4.50433349609375 6.70248126983643 7.36538982391357 7.80372953414917 10.7158603668213 6.45249938964844 7.16744995117188 3.09748387336731 2.94347810745239 2.88039183616638 2.77999043464661 2.64969730377197 1.23948073387146 0.694650948047638 0.614567399024963 0.576745510101318 0.615288257598877 0.88544636964798 2.39904999732971 4.27357721328735 6.20508241653442 12.3190822601318 13.8055658340454 5.68261623382568 13.7008485794067 19.9640445709229 13.1166706085205 12.274001121521 11.1415386199951 7.13727235794067 2.17603754997253 1.44907820224762 1.00748944282532 1.64798521995544 3.5614550113678 2.59306716918945 0.875443816184998 0.433510512113571 0.811611354351044 0.860835194587708 1.69010198116302 1.05780243873596 1.06657373905182 2.05186915397644 1.58680486679077 1.09301710128784
11.8418102264404 13.3846321105957 4.75204372406006 6.81272602081299 21.0902919769287 30.4058418273926 27.9486179351807 18.991060256958 18.3299045562744 6.42071056365967 5.52078771591187 3.81925654411316 3.46256113052368 3.65938115119934 1.73462224006653 1.05401456356049 0.909267485141754 0.740614593029022 0.58170211315155 0.802985072135925 1.68808853626251 2.87015199661255 3.87324786186218 7.25540542602539 8.18114566802979 6.06307983398438 9.34065437316895 24.6182899475098 9.95750999450684 6.04146289825439 6.37011814117432 3.78317952156067 3.03589057922363 3.82599592208862 1.66612184047699 0.639269232749939 1.22684729099274 1.16501653194427 0.562161445617676 0.670942187309265 0.916130900382996 0.996969044208527 1.23900294303894 0.688294053077698 0.809301793575287 1.93017947673798 2.22680330276489 1.20243525505066
12.4636058807373 8.45276355743408 7.52985429763794 17.5484924316406 23.1699542999268 54.7300987243652 61.0870056152344 22.035472869873 18.6647911071777 10.5963563919067 11.4554767608643 4.77729988098145 6.15835905075073 6.2895302772522 2.31311798095703 1.18846881389618 0.98886913061142 0.922618627548218 0.841928482055664 0.977127552032471 1.72023522853851 2.15529131889343 3.70393252372742 5.3048300743103 7.47730922698975 11.433180809021 11.1661529541016 26.6700706481934 10.7240390777588 5.72782230377197 3.62613296508789 1.38722813129425 1.00870883464813 1.64852404594421 2.38048982620239 1.57572984695435 0.953528821468353 1.13937246799469 2.13141441345215 0.847847819328308 1.04545998573303 0.925344109535217 0.903716862201691 0.512348115444183 0.571575284004211 1.17359972000122 1.14779877662659 1.7862104177475
9.56343841552734 8.44740676879883 11.3900756835938 20.4796295166016 48.2293968200684 158.743942260742 119.232879638672 58.9010963439941 21.1101741790771 20.9773693084717 13.544734954834 3.9873526096344 6.63934946060181 5.1103401184082 3.37312579154968 2.64786458015442 1.0881495475769 0.984435617923737 0.937448859214783 1.39157915115356 3.08631086349487 2.71230864524841 3.82241916656494 6.77104663848877 8.23664569854736 16.0373115539551 5.99593257904053 5.45545959472656 9.52775478363037 7.2353572845459 3.25895857810974 1.70366871356964 0.99795013666153 1.42678952217102 2.81757974624634 2.31942081451416 1.68890964984894 1.09277451038361 1.03620135784149 0.823347747325897 0.524380564689636 0.851647734642029 0.862871289253235 0.926607847213745 0.467891454696655 0.600922167301178 1.83647894859314 4.71415758132935
11.5806264877319 11.055947303772 13.3542995452881 17.6516513824463 69.4559326171875 125.184730529785 59.4417266845703 26.860387802124 42.6684188842773 61.4422721862793 25.3260078430176 5.85233402252197 4.40903902053833 7.7058687210083 6.9759316444397 7.14665031433105 1.40495848655701 1.03830897808075 0.98699939250946 1.72796094417572 2.08447265625 3.35778403282166 5.98916721343994 6.9025502204895 5.8212366104126 9.08333969116211 4.80724859237671 3.85003876686096 18.2732124328613 5.00248765945435 2.71513843536377 3.69976711273193 2.14292168617249 1.39602184295654 2.39054751396179 0.852903783321381 1.95990908145905 1.5555534362793 0.424133032560349 0.387407749891281 0.357190996408463 0.788135826587677 1.0235641002655 1.19572615623474 0.548953115940094 0.593208372592926 1.92474544048309 5.15439510345459
14.5320262908936 11.1573028564453 15.5420837402344 19.1719188690186 57.7515068054199 117.23299407959 42.6440773010254 26.6574993133545 67.5476379394531 82.4202346801758 32.865894317627 11.5841655731201 6.46837282180786 5.20410823822021 6.55629730224609 5.19253063201904 1.84734380245209 1.43149554729462 1.36680662631989 2.49928021430969 2.66840267181396 4.28524971008301 6.06856870651245 6.47024869918823 7.48709201812744 11.7052240371704 5.07169437408447 4.82163000106812 19.5235843658447 6.73009920120239 4.28886413574219 6.67009019851685 4.929274559021 6.52216815948486 4.20801544189453 2.60969853401184 2.03532266616821 0.468821853399277 0.364985764026642 0.365487813949585 0.393299549818039 0.593708574771881 0.769955277442932 0.794494032859802 0.709268450737 0.839588761329651 2.03149151802063 9.15686702728271
16.3820247650146 19.6920738220215 21.1301517486572 46.6999664306641 92.3667449951172 60.9543838500977 14.4474897384644 15.8926668167114 23.8278121948242 35.7506408691406 20.4651126861572 25.2242088317871 7.49977207183838 4.31532382965088 8.61540699005127 8.11062717437744 4.61635255813599 2.94685459136963 3.03364777565002 2.91767287254333 3.47485852241516 7.32224941253662 5.19241952896118 5.68672513961792 10.7011241912842 13.2569160461426 6.19884443283081 5.43762922286987 10.7910118103027 5.92701292037964 6.79429578781128 7.30796957015991 16.1353321075439 19.8795642852783 11.5281181335449 36.5061683654785 5.58425664901733 1.40583741664886 0.39950630068779 0.38250944018364 0.480442732572556 1.48535239696503 1.3394410610199 1.36890661716461 1.32829260826111 1.34140181541443 4.75752115249634 16.2007827758789
18.1484031677246 22.5042457580566 27.7868671417236 111.381492614746 103.383811950684 29.8725738525391 18.2234058380127 26.3196868896484 28.4905872344971 51.7185859680176 45.4711418151855 17.724027633667 9.25644493103027 7.05684232711792 9.67534923553467 13.9783201217651 6.06119918823242 3.84046387672424 4.95408153533936 5.99218559265137 8.44928932189941 23.6420669555664 16.9585971832275 14.2709455490112 26.1899585723877 10.0875043869019 10.0695896148682 9.92010688781738 9.46370506286621 7.59459495544434 6.24458694458008 3.88275480270386 6.11632966995239 9.99945259094238 15.246054649353 37.3075294494629 14.6602869033813 10.4131031036377 1.66631555557251 0.463645130395889 1.0783965587616 1.46999037265778 0.943774521350861 1.81152927875519 2.07959604263306 2.73672318458557 4.19316291809082 15.8400297164917
40.9726295471191 78.5132598876953 88.8246536254883 104.902893066406 33.7169456481934 17.5286808013916 21.2817554473877 29.9959030151367 30.5157032012939 81.6421279907227 100.463539123535 24.6941757202148 13.9970197677612 23.0737056732178 12.04039478302 5.59459400177002 4.70929098129272 4.25799894332886 5.87798833847046 9.33082866668701 11.86203956604 17.8954849243164 35.8465881347656 36.7114562988281 28.8175754547119 12.1108903884888 10.053352355957 14.9397592544556 23.3905296325684 10.8243913650513 4.93162155151367 5.74280023574829 3.33527755737305 3.40685391426086 7.38525342941284 16.7783470153809 11.8573579788208 6.72772359848022 3.40167546272278 1.46728098392487 2.60902571678162 2.59804892539978 1.58657920360565 2.35265684127808 2.74056529998779 4.07813501358032 4.41429662704468 6.93103647232056
98.9280471801758 88.5352020263672 119.056930541992 78.0166778564453 21.7461700439453 20.3943538665771 17.4753761291504 23.1803703308105 18.4072437286377 27.4248695373535 32.1539764404297 18.2466087341309 10.2298860549927 16.3964519500732 9.90504741668701 5.84466171264648 2.10285830497742 4.9203052520752 6.42377805709839 9.11697101593018 12.7219133377075 20.5973587036133 41.3758201599121 43.6462745666504 17.5323276519775 16.1134567260742 11.2308759689331 15.6870269775391 43.9391441345215 12.0500221252441 6.33957290649414 2.86781239509583 2.51122570037842 2.79984712600708 4.05734062194824 8.18887805938721 10.1496849060059 4.40583562850952 2.99913668632507 3.05536198616028 5.7514009475708 4.36835098266602 6.1946063041687 12.619701385498 5.1804633140564 3.98173379898071 6.02894735336304 7.24166584014893
103.822418212891 106.511589050293 51.2458648681641 22.5612106323242 17.1040306091309 31.7864933013916 34.8443984985352 22.9734230041504 13.757607460022 10.8918628692627 11.5219135284424 11.2644052505493 12.0011434555054 10.9629831314087 7.07858610153198 6.07656526565552 2.51806259155273 3.11260461807251 8.04129695892334 11.8788843154907 13.6213512420654 16.6925830841064 29.4430732727051 56.8701286315918 35.9201431274414 20.4624576568604 14.7306842803955 20.8320808410645 29.5894737243652 9.33829307556152 8.61293983459473 4.23444843292236 3.22550225257874 2.05726075172424 3.72277879714966 4.1031322479248 3.97436451911926 3.39626979827881 2.47532415390015 3.21941041946411 4.32942056655884 4.61273813247681 3.77603793144226 5.76375102996826 5.28376007080078 7.80060005187988 10.3239316940308 7.03051233291626
110.320083618164 42.1727142333984 22.9303531646729 40.0550117492676 22.2127456665039 18.3379745483398 18.2728137969971 18.8378734588623 9.84324645996094 5.80691003799438 6.65919780731201 11.9275541305542 26.2405319213867 23.0299072265625 9.39283752441406 5.95228099822998 3.73869872093201 4.34161424636841 7.6475567817688 11.1903276443481 14.8500871658325 19.3735504150391 30.6310119628906 92.954948425293 58.1273460388184 33.4180641174316 34.0056266784668 45.4064674377441 15.8102979660034 7.74773836135864 9.79666423797607 5.98711395263672 5.70791053771973 3.25419187545776 4.7931022644043 4.76516246795654 3.50168323516846 2.71521306037903 2.32170987129211 2.27528476715088 5.04798746109009 7.07104063034058 8.07499885559082 5.21597814559937 4.74108266830444 8.6768856048584 10.014552116394 6.50209712982178
91.6557159423828 29.8869380950928 25.2544574737549 39.5648918151855 13.5929756164551 14.1381692886353 13.4762992858887 12.2003164291382 9.43673706054688 9.48008251190186 9.82535266876221 9.20022869110107 19.4564552307129 26.2380065917969 12.5194692611694 13.3300914764404 12.5720310211182 7.66001653671265 7.60852098464966 7.31630420684814 9.80622959136963 13.5033254623413 22.3196868896484 23.7755699157715 131.401931762695 54.3674163818359 42.8008155822754 39.6101684570312 11.3925619125366 17.7641143798828 18.4280223846436 22.9471035003662 13.4892044067383 6.57314300537109 4.45023488998413 1.35444307327271 2.82315039634705 3.14455533027649 2.69732117652893 2.96439290046692 5.19609069824219 6.92730712890625 7.95670223236084 5.95031690597534 7.29673337936401 8.15062999725342 8.4478702545166 7.90016031265259
69.8368072509766 27.4586582183838 47.727409362793 35.4515800476074 15.2952289581299 12.5565576553345 13.424467086792 9.14885902404785 7.80477666854858 10.0076274871826 8.68589496612549 16.5853595733643 24.0276508331299 30.0470581054688 24.6046733856201 25.8046779632568 24.3166847229004 13.2933883666992 10.9604711532593 9.70947170257568 9.84203624725342 14.1383142471313 21.1267433166504 43.7637176513672 178.106597900391 71.8880310058594 31.4158725738525 17.6958560943604 9.56107902526855 13.3988008499146 29.6588249206543 23.3612060546875 10.7006464004517 6.6978063583374 3.4948787689209 3.47856473922729 1.38063108921051 1.45595157146454 7.244704246521 6.86767625808716 4.25358963012695 4.44785308837891 7.9009804725647 8.82682228088379 5.59868001937866 9.22302341461182 6.88194179534912 6.47280883789062
79.4260940551758 36.5125198364258 50.0441246032715 33.7169456481934 20.3464279174805 11.6181106567383 11.9667282104492 10.8623495101929 8.09680366516113 11.2776899337769 13.4781551361084 28.3601531982422 38.3587074279785 32.5093994140625 29.6968994140625 27.5470848083496 26.3324184417725 14.739520072937 10.435357093811 7.63993644714355 8.75317668914795 13.0087547302246 15.6061887741089 39.9111976623535 66.2545852661133 35.5815200805664 45.6553497314453 41.4662322998047 18.6124210357666 17.4229946136475 19.6884689331055 16.7878131866455 16.9958305358887 9.44246864318848 3.23617839813232 2.97608876228333 2.15120840072632 1.3119843006134 1.45319151878357 3.6574285030365 3.4573187828064 3.56966185569763 22.3980617523193 11.7319917678833 7.72143507003784 14.7326421737671 9.19860649108887 10.5275115966797
124.46989440918 125.583793640137 42.1630744934082 35.4134216308594 23.8998146057129 20.1415691375732 39.1988677978516 13.0291576385498 10.2135848999023 11.0986261367798 13.2266283035278 35.7665710449219 86.1032562255859 79.6833801269531 32.4949073791504 28.5270614624023 28.2495002746582 17.2494583129883 11.2133817672729 7.721839427948 9.7411003112793 13.2131376266479 18.0296382904053 46.0878524780273 66.8600921630859 56.9217643737793 124.592041015625 34.8538551330566 25.19606590271 17.8916721343994 15.8795537948608 38.5042915344238 31.6190586090088 6.39755058288574 3.74047946929932 3.62394499778748 1.55945789813995 2.02805709838867 0.891420066356659 1.28550469875336 1.65641498565674 5.57723665237427 12.6040010452271 8.99778366088867 9.62622261047363 22.7378540039062 40.8011512756348 12.1705408096313
173.476608276367 297.178771972656 128.874404907227 127.064102172852 82.1588439941406 46.1907539367676 51.0963516235352 31.4229831695557 17.2312450408936 10.8956079483032 25.2023277282715 14.2057371139526 16.4826469421387 37.9254112243652 28.4760780334473 28.5517807006836 29.4869136810303 20.1051273345947 17.9148941040039 11.7494258880615 15.3030443191528 15.4084253311157 24.845983505249 63.8241081237793 131.323013305664 75.9327087402344 72.7634506225586 35.5861587524414 21.5827503204346 24.4632053375244 23.9036750793457 46.5685005187988 45.2577857971191 8.4319372177124 6.17744398117065 2.40906357765198 1.22136378288269 1.0044754743576 1.89310073852539 2.82893872261047 1.40081286430359 2.61199259757996 2.29360866546631 2.85491061210632 3.26759004592896 8.99232864379883 21.1246280670166 13.6135625839233
114.736915588379 177.73046875 233.622741699219 180.980941772461 74.1254196166992 76.7326583862305 147.62467956543 151.77099609375 94.5307998657227 12.7831478118896 11.0415620803833 11.728385925293 14.0247783660889 34.7089385986328 28.2750015258789 25.1236038208008 24.4933032989502 19.0641460418701 11.6122303009033 17.3396816253662 17.69460105896 17.9659271240234 30.1498031616211 58.436107635498 203.726226806641 168.945053100586 77.7367706298828 42.6095085144043 27.4162673950195 67.4504852294922 35.7725410461426 17.283540725708 16.9752140045166 5.89715528488159 2.69022536277771 3.04801344871521 2.3742368221283 1.1511857509613 2.63485097885132 2.00613379478455 1.93952238559723 4.32849025726318 2.56027340888977 3.60962390899658 11.2957468032837 16.7858448028564 14.2110424041748 12.3642797470093
49.4191627502441 124.26042175293 235.065353393555 375.732940673828 188.118515014648 182.110656738281 169.618774414062 103.339996337891 85.8092880249023 36.3044700622559 25.541446685791 15.4962816238403 18.7468185424805 48.6403961181641 59.7987098693848 18.9763488769531 18.0038604736328 13.9659986495972 13.012640953064 14.131178855896 16.0864200592041 16.167875289917 31.8809146881104 89.9925003051758 588.015869140625 283.358459472656 135.784332275391 120.372383117676 87.43310546875 94.4734344482422 28.5908069610596 11.1534023284912 44.6120071411133 10.8330116271973 7.02735233306885 2.35010433197021 3.01853704452515 1.64057886600494 1.15769910812378 2.08883023262024 4.19088315963745 6.23089122772217 6.66508436203003 3.80964708328247 7.29129505157471 9.26002502441406 11.8118982315063 15.3127765655518
33.9759254455566 115.609687805176 236.347381591797 259.179077148438 228.176895141602 143.496841430664 111.570686340332 133.947036743164 104.750442504883 54.8747444152832 47.726131439209 36.5864791870117 57.0691452026367 119.625297546387 166.536972045898 57.3691673278809 29.6970996856689 16.07861328125 17.3034706115723 16.1454238891602 23.3849010467529 30.5818481445312 24.6722869873047 38.5384559631348 105.974601745605 98.4863662719727 78.6820755004883 105.183441162109 95.469482421875 47.5442008972168 30.6234359741211 22.7409324645996 17.1308879852295 13.7979335784912 11.6984014511108 7.02157020568848 4.49389171600342 1.85994589328766 3.92646169662476 6.94401788711548 6.91353750228882 14.1348075866699 14.8058471679688 6.64958143234253 5.2187352180481 7.4913501739502 14.0168428421021 17.0508766174316
58.7335319519043 130.991943359375 203.636276245117 136.454971313477 172.119201660156 218.073501586914 136.518203735352 185.690139770508 131.293716430664 70.7147979736328 104.841720581055 90.6157684326172 122.333396911621 83.6788330078125 201.095443725586 172.347122192383 49.8890495300293 22.2159156799316 20.99582862854 30.0679206848145 37.8416023254395 45.9994583129883 36.993579864502 44.7943420410156 72.3828735351562 102.553161621094 74.2092437744141 67.4455490112305 40.3793754577637 49.1803817749023 39.9911308288574 30.8579559326172 20.0844650268555 17.1468734741211 14.2336120605469 6.60633420944214 5.63392925262451 3.82376074790955 9.21178817749023 5.42639303207397 4.89623165130615 8.7020788192749 4.50358724594116 4.15328598022461 2.30799555778503 2.04578185081482 2.86154937744141 2.34799122810364
43.6217384338379 89.8599090576172 218.327102661133 146.0234375 108.90746307373 179.653457641602 139.735931396484 171.450119018555 186.170333862305 122.417831420898 72.8677368164062 104.297790527344 90.0258636474609 60.5166969299316 114.358856201172 309.360595703125 41.6671180725098 42.2315216064453 31.6529808044434 52.429443359375 62.3975791931152 30.553674697876 38.4101905822754 59.7232475280762 98.8620834350586 75.6380004882812 48.6078910827637 47.6289825439453 13.9070177078247 23.7548484802246 24.3425922393799 11.4271936416626 13.3016538619995 15.0254096984863 13.4185819625854 3.80755186080933 3.62921261787415 2.74659156799316 6.95259428024292 7.0176215171814 5.97837686538696 6.41738891601562 5.136399269104 3.61034893989563 1.5997326374054 1.08838415145874 1.29231536388397 2.47341203689575
