Scripts_&_data/Environmental_rasters/Human_pop_density_RABV_CA_04.asc
NCOLS 192 
NROWS 168 
XLLCORNER 100.998749611 
YLLCORNER 8.999583499 
CELLSIZE 0.0416666665000001 
NODATA_value -9999 
[rows 66 to 87 of 168, columns 0 to 47 of 192]
273.212982177734 68.5595169067383 114.467216491699 359.791351318359 161.406890869141 469.071044921875 145.266662597656 107.286270141602 61.5655059814453 64.1634826660156 90.7041091918945 91.7136917114258 72.4207763671875 66.7687759399414 46.1145324707031 44.1928024291992 15.3307342529297 8.32622909545898 8.42972183227539 8.07055282592773 7.75108242034912 8.35620021820068 8.4516487121582 8.59429836273193 7.43433618545532 10.0288648605347 17.763484954834 27.3843441009521 71.8743743896484 39.7769966125488 88.7560424804688 54.746524810791 45.2455825805664 2269.05981445312 765.666015625 665.455871582031 667.0283203125 476.436309814453 294.538818359375 203.78581237793 154.990997314453 133.477066040039 174.903625488281 168.319259643555 370.390655517578 234.258666992188 86.8314819335938 58.0249519348145
252.126663208008 78.6623306274414 57.5369262695312 130.214691162109 172.729446411133 254.734771728516 171.623458862305 78.5762786865234 64.1688613891602 66.5172271728516 87.2624206542969 94.6841278076172 58.2243385314941 83.2870407104492 61.7018775939941 38.4243698120117 18.3725624084473 9.49589157104492 13.0431365966797 12.7668218612671 15.8582458496094 15.3810558319092 10.759783744812 10.8271808624268 8.83962631225586 8.18912792205811 11.9718427658081 25.7972583770752 53.0736618041992 33.215991973877 50.0491371154785 41.6874694824219 99.979866027832 455.754272460938 567.154846191406 489.129913330078 527.066223144531 553.5830078125 326.001953125 305.642364501953 177.65348815918 165.706558227539 90.5728378295898 156.57633972168 164.179092407227 82.0875396728516 45.687328338623 34.8329391479492
341.877563476562 126.229064941406 69.2304458618164 104.213493347168 125.404190063477 88.1721725463867 100.87158203125 135.952941894531 232.893249511719 196.937652587891 47.7924118041992 76.508171081543 71.8865280151367 84.9808349609375 69.6411514282227 30.5016040802002 14.5464773178101 12.707329750061 23.0402183532715 28.6134490966797 21.9505176544189 19.1177215576172 15.8099174499512 25.1680507659912 12.2314195632935 9.64305782318115 10.7850341796875 17.942569732666 62.165397644043 169.15673828125 50.0219802856445 110.943336486816 42.4427795410156 86.933967590332 299.919921875 268.897277832031 156.563354492188 162.543243408203 298.282501220703 310.185546875 193.457733154297 156.62841796875 123.560646057129 174.376327514648 114.163063049316 85.7427291870117 46.4526290893555 39.6405487060547
394.840881347656 216.250839233398 264.962188720703 238.981567382812 104.791809082031 92.8346099853516 95.4263000488281 70.5060195922852 60.2812118530273 110.909484863281 63.2042617797852 44.4905281066895 57.380973815918 69.2478713989258 78.969482421875 47.1415901184082 21.7413158416748 14.8833417892456 25.2688636779785 21.8832015991211 21.762752532959 19.1738357543945 28.3718338012695 21.0601062774658 24.8137092590332 13.4273061752319 10.242826461792 13.531081199646 30.9077339172363 158.694671630859 57.5516204833984 45.9818954467773 37.4549942016602 39.9504051208496 1516.27075195312 724.654907226562 185.300033569336 95.5479278564453 206.611267089844 475.887115478516 410.834228515625 272.867919921875 149.777557373047 116.946060180664 98.3774490356445 89.2223434448242 72.7011642456055 76.6122589111328
267.420166015625 327.3369140625 454.823547363281 122.074142456055 324.379089355469 134.329284667969 61.7643699645996 32.1683731079102 27.4165515899658 100.720199584961 125.767189025879 49.3808937072754 51.6951484680176 67.2195281982422 63.9993133544922 75.8753890991211 48.5370483398438 14.4889869689941 29.3204402923584 18.3751735687256 17.4337387084961 31.0046329498291 53.5578536987305 21.825325012207 24.2131538391113 20.5089492797852 14.8124742507935 10.9362297058105 14.2778673171997 21.1362400054932 64.5790634155273 56.7054977416992 59.5352210998535 53.9994277954102 105.207916259766 539.967590332031 199.615676879883 176.447296142578 515.080261230469 507.640960693359 336.813385009766 238.764602661133 84.4216461181641 88.4428176879883 66.4386749267578 54.3583488464355 61.258358001709 76.0703964233398
215.113250732422 264.429779052734 303.522033691406 458.393951416016 462.054992675781 88.5589141845703 32.9119262695312 25.2359256744385 22.7303333282471 33.3337287902832 175.714981079102 126.568916320801 74.0993881225586 56.2448348999023 52.3637504577637 81.8712158203125 87.3712310791016 53.1068572998047 40.0857582092285 28.8785190582275 22.866641998291 58.5242347717285 47.3700714111328 31.8007469177246 26.8493824005127 41.2863121032715 20.9081382751465 11.1440992355347 8.43958759307861 11.7665538787842 32.6671295166016 24.5497608184814 37.2146034240723 48.0654182434082 44.0243110656738 81.8970260620117 197.995208740234 221.730834960938 464.915618896484 363.729339599609 273.36865234375 204.282424926758 79.4669494628906 102.93106842041 39.3782806396484 27.472225189209 22.8369312286377 32.7687187194824
157.940124511719 138.813873291016 331.68359375 215.338684082031 224.463500976562 192.887435913086 36.2295074462891 28.8087863922119 23.1971874237061 30.7724189758301 68.3729476928711 122.740119934082 87.1637115478516 112.616394042969 95.6947860717773 102.652244567871 203.213882446289 32.7648315429688 40.3396148681641 54.9195594787598 44.4023971557617 58.765869140625 36.1820068359375 30.1320133209229 20.3482875823975 36.6472434997559 15.3517465591431 11.1441946029663 8.08209991455078 13.1811656951904 42.5572547912598 29.7952671051025 19.2279262542725 33.7458152770996 29.4866638183594 53.118537902832 360.515563964844 472.100860595703 697.777465820312 248.599945068359 222.918518066406 139.822570800781 70.455207824707 73.64892578125 122.082260131836 38.8074035644531 27.7887134552002 32.9991912841797
212.603057861328 171.342254638672 152.705856323242 85.5583343505859 55.9014511108398 72.5658874511719 40.5437316894531 123.921669006348 69.2550735473633 52.7725028991699 68.9665679931641 95.7106781005859 386.391693115234 98.7529220581055 85.6283950805664 70.8070297241211 127.547569274902 45.127685546875 36.8679962158203 61.4811134338379 42.1349716186523 30.186767578125 25.6229591369629 21.2962856292725 27.979471206665 49.6303596496582 18.3855590820312 10.7033033370972 10.3395175933838 14.0493402481079 57.4612350463867 22.072265625 31.1225833892822 33.0890312194824 35.083423614502 295.872894287109 1039.75390625 874.839294433594 1055.89270019531 284.011871337891 204.840255737305 158.414581298828 36.3545455932617 30.730339050293 90.7131958007812 182.264053344727 159.910980224609 121.808242797852
142.263427734375 136.707855224609 294.119842529297 107.389869689941 58.6425094604492 73.7872467041016 60.4112892150879 224.437606811523 218.981430053711 54.897087097168 77.0116424560547 82.4066314697266 115.478996276855 167.917770385742 149.499908447266 106.449401855469 96.9479522705078 111.974555969238 65.6697845458984 94.1702270507812 34.5595245361328 30.6144523620605 24.4847564697266 25.3442802429199 31.0885887145996 31.1037349700928 23.8575782775879 11.8698053359985 13.774356842041 18.7924518585205 123.801696777344 26.3316783905029 29.6341114044189 33.9500045776367 21.0818977355957 28.2286548614502 239.291168212891 388.59423828125 478.516754150391 240.862091064453 161.613265991211 129.947814941406 42.5205345153809 32.246955871582 33.3229446411133 96.9852523803711 134.077438354492 441.022247314453
75.5268249511719 169.785598754883 276.986083984375 182.558792114258 255.062438964844 320.607147216797 169.568359375 363.399047851562 243.813613891602 72.2757034301758 41.413688659668 44.8960494995117 77.4108047485352 129.788665771484 278.582885742188 365.523559570312 139.400131225586 192.988906860352 104.888374328613 132.569885253906 39.6067085266113 34.5567436218262 32.2334594726562 29.9246807098389 24.1042022705078 39.2011413574219 53.4585647583008 16.1391582489014 19.8705081939697 28.1778335571289 22.0953006744385 15.0104999542236 15.1245832443237 19.5220489501953 12.5664749145508 11.3656806945801 52.4236488342285 125.413719177246 1162.533203125 642.231323242188 388.963928222656 392.266418457031 169.373672485352 76.0215072631836 75.6178817749023 102.435363769531 99.2811965942383 95.7750778198242
99.8671722412109 119.479621887207 76.7601547241211 386.668792724609 392.887664794922 682.423706054688 423.045562744141 421.30859375 134.647430419922 47.7880821228027 36.4932250976562 56.1398010253906 94.1684951782227 115.652435302734 202.949005126953 647.755004882812 291.448822021484 234.387420654297 200.908538818359 147.514236450195 47.9217948913574 41.1059226989746 32.92578125 37.3063926696777 36.437614440918 45.3221702575684 96.4126281738281 54.2065277099609 20.0107898712158 33.6870040893555 35.9228019714355 12.9516324996948 11.0694265365601 10.1911392211914 9.66919898986816 6.88482666015625 10.1840133666992 17.3329067230225 150.653961181641 478.292175292969 544.370056152344 489.061645507812 109.486366271973 49.1998672485352 50.552806854248 115.959106445312 45.1241302490234 38.1194305419922
365.622283935547 159.07048034668 240.482650756836 504.158874511719 533.503112792969 241.321044921875 525.408203125 626.369873046875 158.329345703125 105.671951293945 53.4595031738281 88.885009765625 63.703800201416 150.246871948242 324.973846435547 1498.14953613281 700.920776367188 776.624450683594 326.960388183594 629.061279296875 171.470779418945 65.89892578125 49.3085174560547 45.1492118835449 60.1143417358398 43.5243110656738 80.7901382446289 68.2561187744141 40.0874900817871 68.5707397460938 42.0560722351074 17.1014213562012 13.179799079895 9.86560344696045 9.00545406341553 6.60421466827393 5.47685480117798 7.19053030014038 23.524829864502 81.7633666992188 218.154006958008 301.301849365234 97.7043914794922 37.7691268920898 64.8232955932617 72.0806121826172 27.7919673919678 30.9858360290527
459.989196777344 1203.11999511719 845.632690429688 1390.39721679688 763.617553710938 475.470581054688 429.017364501953 380.829803466797 134.973495483398 64.4750061035156 34.6812934875488 76.5663757324219 66.3360748291016 247.588882446289 377.485778808594 310.08837890625 373.52294921875 346.797576904297 254.618240356445 89.033073425293 72.233512878418 104.39037322998 149.177001953125 190.342422485352 33.6570243835449 52.1076278686523 53.583927154541 63.2311477661133 61.1864356994629 73.8673553466797 30.5596561431885 18.8133106231689 28.5777988433838 18.2066993713379 23.1247806549072 16.5298023223877 5.6856050491333 10.6373901367188 13.9022254943848 16.8305816650391 105.122314453125 113.145088195801 60.3852310180664 70.5359420776367 81.3425827026367 70.0674285888672 57.1164703369141 62.5596733093262
752.120910644531 507.670440673828 857.890991210938 3150.06591796875 1026.09619140625 1459.51501464844 2618.33203125 1322.88500976562 274.674102783203 88.8045425415039 66.4755783081055 81.2047348022461 193.525695800781 221.828399658203 263.049468994141 498.786773681641 251.346603393555 -9999 -9999 70.8225784301758 80.230842590332 49.4046974182129 69.9154205322266 106.792404174805 91.0334167480469 87.9878234863281 129.081924438477 84.2299728393555 149.51838684082 79.106201171875 32.3429069519043 40.6243934631348 25.0933876037598 24.0938720703125 60.267147064209 56.3704566955566 11.0853223800659 22.4235877990723 14.5879573822021 15.0772151947021 48.3257827758789 43.6948661804199 43.3553695678711 65.6652755737305 96.568603515625 114.678848266602 68.4792022705078 53.8154296875
-9999 -9999 -9999 195.323089599609 -9999 -9999 -9999 1074.81750488281 477.75048828125 193.849517822266 310.809600830078 183.389739990234 437.163818359375 366.894836425781 -9999 359.914093017578 -9999 -9999 -9999 -9999 57.544490814209 82.3254013061523 88.4355697631836 94.8869247436523 304.959808349609 279.695343017578 630.423522949219 345.802795410156 114.883674621582 69.0106658935547 34.3203468322754 34.4282989501953 24.9498386383057 25.4607791900635 35.7215347290039 52.1612358093262 26.5018100738525 23.4096965789795 26.9698047637939 35.069953918457 42.5721054077148 62.1861343383789 93.7462615966797 121.432968139648 97.7929611206055 77.084716796875 37.9800834655762 25.1851463317871
-9999 -9999 -9999 -9999 -9999 -9999 -9999 -9999 -9999 153.036819458008 -9999 -9999 -9999 -9999 -9999 -9999 -9999 -9999 -9999 -9999 -9999 106.214584350586 149.859741210938 154.611312866211 255.708129882812 226.502517700195 1899.14440917969 729.452941894531 73.0734252929688 35.3054847717285 48.868824005127 58.7000694274902 35.6583251953125 34.1591835021973 42.8795852661133 84.4855117797852 64.8661117553711 167.592102050781 32.8940315246582 16.5889911651611 14.5680303573608 71.7365646362305 82.9996795654297 74.6092681884766 80.1179962158203 41.0612564086914 24.7446002960205 19.7387638092041
-9999 -9999 -9999 -9999 -9999 -9999 -9999 -9999 -9999 -9999 -9999 -9999 -9999 -9999 -9999 -9999 -9999 -9999 -9999 -9999 -9999 -9999 148.97883605957 188.944213867188 97.543083190918 139.502090454102 342.502899169922 179.123519897461 45.3257331848145 22.2799739837646 47.7955703735352 40.6082572937012 34.0350646972656 40.4953880310059 61.7364616394043 55.3055267333984 192.911819458008 147.66455078125 62.5638999938965 24.9146213531494 30.0376930236816 87.2086181640625 78.121452331543 67.0004959106445 48.8604011535645 33.2971343994141 34.7529563903809 16.0885601043701
-9999 -9999 -9999 -9999 -9999 -9999 -9999 -9999 -9999 -9999 -9999 -9999 -9999 -9999 -9999 -9999 -9999 -9999 -9999 -9999 -9999 -9999 -9999 -9999 52.6237716674805 67.1823348999023 115.999572753906 238.569641113281 117.813774108887 29.7831287384033 59.0943565368652 43.0745735168457 46.4510345458984 47.765380859375 60.8042945861816 61.1177597045898 71.5341262817383 96.0662307739258 50.4899444580078 32.3390045166016 27.0756721496582 33.1629867553711 46.6354331970215 45.1478843688965 60.0069618225098 20.9066638946533 12.5308303833008 2.50616812705994
-9999 -9999 -9999 -9999 -9999 -9999 -9999 -9999 -9999 -9999 -9999 -9999 -9999 -9999 -9999 -9999 -9999 -9999 -9999 -9999 -9999 -9999 -9999 -9999 -9999 141.01887512207 149.501770019531 173.608093261719 176.544387817383 232.553146362305 88.0892486572266 57.2524604797363 48.0436401367188 40.1551361083984 53.9126281738281 64.5193023681641 52.8015937805176 44.1685447692871 57.425106048584 81.0150833129883 75.9377670288086 29.5571327209473 25.1018962860107 47.3287200927734 25.2448863983154 2.51095628738403 1.92454850673676 1.67177414894104
-9999 -9999 -9999 -9999 -9999 -9999 -9999 -9999 -9999 -9999 -9999 -9999 -9999 -9999 -9999 -9999 -9999 -9999 -9999 -9999 -9999 -9999 -9999 -9999 -9999 -9999 34.6960220336914 176.789291381836 76.6098022460938 277.423583984375 108.80704498291 133.046173095703 70.7303771972656 47.2572441101074 67.767936706543 54.5895156860352 49.3769607543945 36.1581916809082 49.7744941711426 74.4513854980469 34.8285636901855 24.8522777557373 18.4092636108398 28.4976768493652 7.34430074691772 1.41109549999237 1.47226762771606 0.750458955764771
-9999 -9999 -9999 -9999 -9999 -9999 -9999 -9999 -9999 -9999 -9999 -9999 -9999 -9999 -9999 -9999 -9999 -9999 -9999 -9999 -9999 -9999 -9999 -9999 -9999 -9999 -9999 65.866081237793 67.0084762573242 31.052713394165 16.2685394287109 59.740966796875 186.504898071289 222.496170043945 67.4603881835938 49.2794876098633 71.2380218505859 62.2206764221191 56.1196746826172 41.661304473877 36.5677490234375 20.8613319396973 7.12907218933105 6.2280797958374 2.67861890792847 1.22923111915588 0.832215130329132 1.59527003765106
-9999 -9999 -9999 -9999 -9999 -9999 -9999 -9999 -9999 -9999 -9999 -9999 -9999 -9999 -9999 -9999 -9999 -9999 -9999 -9999 -9999 -9999 -9999 -9999 -9999 -9999 -9999 -9999 -9999 27.6073055267334 19.1647415161133 34.2548866271973 43.1444969177246 181.122009277344 158.708557128906 83.0741729736328 74.7300109863281 56.0938186645508 56.1859169006348 51.9917335510254 27.0438690185547 9.21273803710938 1.47551286220551 0.971668183803558 0.936322867870331 0.660207867622375 0.834298372268677 2.71973156929016
