node1,node2,length,startLat,startLon,endLat,endLon,endNodeL,startNodeL,startYear,endYear,treeID
100,99,11.2648879314886,25.1509145266031,102.683978782567,27.428635,103.60532,11.2648879314886,0,1996.31511206851,2007.58,165000000
100,101,2.01691255958382,25.1509145266031,102.683978782567,25.3069904869289,102.414438295529,2.01691255958382,0,1996.31511206851,1998.3320246281,165000000
101,149,4.90138015731634,25.3069904869289,102.414438295529,25.2878238072886,102.388806003824,6.91829271690016,2.01691255958382,1998.3320246281,2003.23340478541,165000000
101,102,3.11892408409656,25.3069904869289,102.414438295529,25.2360368805077,102.390869263904,5.13583664368037,2.01691255958382,1998.3320246281,2001.45094871219,165000000
102,103,2.60996612090656,25.2360368805077,102.390869263904,25.1629124040281,102.438014034314,7.74580276458693,5.13583664368037,2001.45094871219,2004.0609148331,165000000
102,146,3.76035022227457,25.2360368805077,102.390869263904,25.9553051439857,104.433905272174,8.89618686595494,5.13583664368037,2001.45094871219,2005.21129893447,165000000
103,104,0.427288035241517,25.1629124040281,102.438014034314,24.9936441021087,102.573195684067,8.17309079982845,7.74580276458693,2004.0609148331,2004.48820286834,165000000
103,121,1.70494003501775,25.1629124040281,102.438014034314,25.7472972445499,102.038376331739,9.45074279960468,7.74580276458693,2004.0609148331,2005.76585486812,165000000
104,120,5.25060099033022,24.9936441021087,102.573195684067,25.2048634866861,102.686956566439,13.4236917901587,8.17309079982845,2004.48820286834,2009.73880385867,165000000
104,105,1.95227403458834,24.9936441021087,102.573195684067,23.2062613659592,101.192652913052,10.1253648344168,8.17309079982845,2004.48820286834,2006.44047690293,165000000
105,1,4.13952309707186,23.2062613659592,101.192652913052,23.361286,101.54594,14.2648879314886,10.1253648344168,2006.44047690293,2010.58,165000000
105,106,3.10865597346319,23.2062613659592,101.192652913052,24.0995783434767,98.0729660821719,13.23402080788,10.1253648344168,2006.44047690293,2009.54913287639,165000000
106,2,2.87086712360881,24.0995783434767,98.0729660821719,24.324522,98.423866,16.1048879314888,13.23402080788,2009.54913287639,2012.42,165000000
106,107,0.834621709575777,24.0995783434767,98.0729660821719,24.1159659493494,98.051341400075,14.0686425174558,13.23402080788,2009.54913287639,2010.38375458597,165000000
107,108,0.266768620966598,24.1159659493494,98.051341400075,24.0831461325971,98.0436141574278,14.3354111384224,14.0686425174558,2010.38375458597,2010.65052320693,165000000
107,16,4.19624541403289,24.1159659493494,98.051341400075,24.738411,98.318321,18.2648879314886,14.0686425174558,2010.38375458597,2014.58,165000000
108,3,5.09947679306636,24.0831461325971,98.0436141574278,24.0244129625487,97.8002474860905,19.4348879314887,14.3354111384224,2010.65052320693,2015.75,165000000
108,109,0.25281307718773,24.0831461325971,98.0436141574278,24.1194498904628,98.0127637595665,14.5882242156101,14.3354111384224,2010.65052320693,2010.90333628412,165000000
109,4,1.17666371587856,24.1194498904628,98.0127637595665,23.9874365948686,97.7534240267701,15.7648879314886,14.5882242156101,2010.90333628412,2012.08,165000000
109,110,1.08700946858742,24.1194498904628,98.0127637595665,24.0876487872237,98.0450842603835,15.6752336841975,14.5882242156101,2010.90333628412,2011.99034575271,165000000
110,5,0.259654247291216,24.0876487872237,98.0450842603835,24.09654,98.059662,15.9348879314887,15.6752336841975,2011.99034575271,2012.25,165000000
110,111,2.05562323590244,24.0876487872237,98.0450842603835,26.3864778601482,99.7311759011367,17.7308569200999,15.6752336841975,2011.99034575271,2014.04596898861,165000000
111,15,0.204031011388773,26.3864778601482,99.7311759011367,26.4022465723592,99.7236030244171,17.9348879314887,17.7308569200999,2014.04596898861,2014.25,165000000
111,112,0.202058025403253,26.3864778601482,99.7311759011367,26.3768114543652,99.722567115608,17.9329149455032,17.7308569200999,2014.04596898861,2014.24802701401,165000000
112,118,0.131085744736706,26.3768114543652,99.722567115608,26.4062710811998,99.7200594019069,18.0640006902399,17.9329149455032,2014.24802701401,2014.37911275875,165000000
112,113,0.111046485905964,26.3768114543652,99.722567115608,25.959074868286,99.6627641757298,18.0439614314092,17.9329149455032,2014.24802701401,2014.35907349992,165000000
113,117,0.89861233554493,25.959074868286,99.6627641757298,26.0531828758574,99.9226804139564,18.9425737669541,18.0439614314092,2014.35907349992,2015.25768583547,165000000
113,114,0.541595540676621,25.959074868286,99.6627641757298,25.8462891725073,99.3153004539467,18.5855569720858,18.0439614314092,2014.35907349992,2014.9006690406,165000000
114,6,0.599330959402935,25.8462891725073,99.3153004539467,25.8484884142293,99.344228149976,19.1848879314887,18.5855569720858,2014.9006690406,2015.5,165000000
114,115,0.459355647375347,25.8462891725073,99.3153004539467,25.8536640442801,99.2968026673051,19.0449126194611,18.5855569720858,2014.9006690406,2015.36002468797,165000000
115,7,0.309975312027662,25.8536640442801,99.2968026673051,25.8958908312313,99.2857811182284,19.3548879314888,19.0449126194611,2015.36002468797,2015.67,165000000
115,116,0.0123379582408551,25.8536640442801,99.2968026673051,25.8533077045083,99.2963985680208,19.057250577702,19.0449126194611,2015.36002468797,2015.37236264621,165000000
116,9,0.297637353786806,25.8533077045083,99.2963985680208,25.8479265346905,99.3038808311236,19.3548879314888,19.057250577702,2015.37236264621,2015.67,165000000
116,8,0.377637353786734,25.8533077045083,99.2963985680208,25.8574885475625,99.2902263332673,19.4348879314887,19.057250577702,2015.37236264621,2015.75,165000000
117,10,0.162314164534699,26.0531828758574,99.9226804139564,26.101990267428,99.9189003311069,19.1048879314888,18.9425737669541,2015.25768583547,2015.42,165000000
117,11,0.0723141645345534,26.0531828758574,99.9226804139564,26.0302023672163,99.8990130540768,19.0148879314886,18.9425737669541,2015.25768583547,2015.33,165000000
118,119,0.109513829268954,26.4062710811998,99.7200594019069,26.4127134212888,99.7172056202093,18.1735145195089,18.0640006902399,2014.37911275875,2014.48862658802,165000000
118,12,0.790887241248887,26.4062710811998,99.7200594019069,26.4128481601799,99.7297074117656,18.8548879314888,18.0640006902399,2014.37911275875,2015.17,165000000
119,14,0.0913734119797873,26.4127134212888,99.7172056202093,26.3968446308933,99.718749625129,18.2648879314886,18.1735145195089,2014.48862658802,2014.58,165000000
119,13,1.26137341197986,26.4127134212888,99.7172056202093,26.6130901849302,99.290184167175,19.4348879314887,18.1735145195089,2014.48862658802,2015.75,165000000
120,18,0.681196141330119,25.2048634866861,102.686956566439,22.781075,103.09642,14.1048879314888,13.4236917901587,2009.73880385867,2010.42,165000000
120,17,5.01119614133005,25.2048634866861,102.686956566439,25.081568,102.83437,18.4348879314887,13.4236917901587,2009.73880385867,2014.75,165000000
121,19,9.48414513188404,25.7472972445499,102.038376331739,27.004787,103.11815,18.9348879314887,9.45074279960468,2005.76585486812,2015.25,165000000
121,122,2.73019060585282,25.7472972445499,102.038376331739,25.791436073285,102.13007056508,12.1809334054575,9.45074279960468,2005.76585486812,2008.49604547397,165000000
122,144,1.3029899793633,25.791436073285,102.13007056508,25.8058615610487,102.218480533031,13.4839233848208,12.1809334054575,2008.49604547397,2009.79903545333,165000000
122,123,1.60088413173979,25.791436073285,102.13007056508,25.7876968848155,102.100733681625,13.7818175371973,12.1809334054575,2008.49604547397,2010.09692960571,165000000
123,124,0.363866795998216,25.7876968848155,102.100733681625,25.7620534951275,102.102348147197,14.1456843331955,13.7818175371973,2010.09692960571,2010.46079640171,165000000
123,138,0.529862001456648,25.7876968848155,102.100733681625,25.8287202500562,102.140047660806,14.3116795386539,13.7818175371973,2010.09692960571,2010.62679160717,165000000
124,125,0.475558001176878,25.7620534951275,102.102348147197,25.7948412293696,102.119287883308,14.6212423343724,14.1456843331955,2010.46079640171,2010.93635440288,165000000
124,34,1.86920359829314,25.7620534951275,102.102348147197,25.02886,102.57242,16.0148879314886,14.1456843331955,2010.46079640171,2012.33,165000000
125,126,0.713278744974135,25.7948412293696,102.119287883308,25.7825024643248,102.154368641001,15.3345210793465,14.6212423343724,2010.93635440288,2011.64963314786,165000000
125,131,0.300535390689426,25.7948412293696,102.119287883308,25.1757414031963,102.003962275256,14.9217777250618,14.6212423343724,2010.93635440288,2011.23688979357,165000000
126,129,0.748408981234112,25.7825024643248,102.154368641001,25.7604197517579,101.933256799589,16.0829300605806,15.3345210793465,2011.64963314786,2012.39804212909,165000000
126,127,0.657287571443799,25.7825024643248,102.154368641001,25.7726397704909,102.21120102327,15.9918086507903,15.3345210793465,2011.64963314786,2012.3069207193,165000000
127,22,0.113079280698472,25.7726397704909,102.21120102327,25.771890437996,102.209337895779,16.1048879314888,15.9918086507903,2012.3069207193,2012.42,165000000
127,128,1.88007028481311,25.7726397704909,102.21120102327,25.7826270627055,102.211296044177,17.8718789356034,15.9918086507903,2012.3069207193,2014.18699100411,165000000
128,20,0.313008995885291,25.7826270627055,102.211296044177,25.7206630620888,102.22539911612,18.1848879314887,17.8718789356034,2014.18699100411,2014.5,165000000
128,21,0.0630089958852909,25.7826270627055,102.211296044177,25.7704491920337,102.205395843238,17.9348879314887,17.8718789356034,2014.18699100411,2014.25,165000000
129,130,0.242566482956251,25.7604197517579,101.933256799589,25.7232618044095,101.956828225646,16.3254965435369,16.0829300605806,2012.39804212909,2012.64060861205,165000000
129,25,1.93195787090801,25.7604197517579,101.933256799589,25.7378894493439,101.904125057745,18.0148879314886,16.0829300605806,2012.39804212909,2014.33,165000000
130,24,1.77939138795191,25.7232618044095,101.956828225646,25.2151682980032,102.013671846579,18.1048879314888,16.3254965435369,2012.64060861205,2014.42,165000000
130,23,0.529391387951908,25.7232618044095,101.956828225646,25.8179920918662,101.849119367023,16.8548879314888,16.3254965435369,2012.64060861205,2013.17,165000000
131,132,0.790707361796185,25.1757414031963,102.003962275256,25.1956867840378,102.0483824927,15.712485086858,14.9217777250618,2011.23688979357,2012.02759715537,165000000
131,136,0.515954984244336,25.1757414031963,102.003962275256,25.1872878301774,101.981364021823,15.4377327093061,14.9217777250618,2011.23688979357,2011.75284477782,165000000
132,26,0.802402844630649,25.1956867840378,102.0483824927,25.1366215130825,102.055461318423,16.5148879314886,15.712485086858,2012.02759715537,2012.83,165000000
132,133,0.525951063382963,25.1956867840378,102.0483824927,25.2033050191814,102.051957127457,16.238436150241,15.712485086858,2012.02759715537,2012.55354821875,165000000
133,134,1.01732526461725,25.2033050191814,102.051957127457,24.7735765200022,101.671478772898,17.2557614148582,16.238436150241,2012.55354821875,2013.57087348337,165000000
133,27,0.116451781247832,25.2033050191814,102.051957127457,25.198650519798,102.04883425367,16.3548879314888,16.238436150241,2012.55354821875,2012.67,165000000
134,30,0.429126516630506,24.7735765200022,101.671478772898,25.510801,100.77525,17.6848879314887,17.2557614148582,2013.57087348337,2014,165000000
134,135,0.477708631010297,24.7735765200022,101.671478772898,24.4862298635017,101.629782173155,17.7334700458685,17.2557614148582,2013.57087348337,2014.04858211438,165000000
135,28,0.371417885620282,24.4862298635017,101.629782173155,24.4941457019364,101.648964216756,18.1048879314888,17.7334700458685,2014.04858211438,2014.42,165000000
135,29,0.451417885620209,24.4862298635017,101.629782173155,24.5191600683305,101.662273376975,18.1848879314887,17.7334700458685,2014.04858211438,2014.5,165000000
136,33,0.667155222182644,25.1872878301774,101.981364021823,25.1748971042848,101.993583978601,16.1048879314888,15.4377327093061,2011.75284477782,2012.42,165000000
136,137,0.292070391100484,25.1872878301774,101.981364021823,25.1820481929425,101.98753611266,15.7298031004066,15.4377327093061,2011.75284477782,2012.04491516892,165000000
137,31,0.785084831082015,25.1820481929425,101.98753611266,25.1445824450485,102.001169305303,16.5148879314886,15.7298031004066,2012.04491516892,2012.83,165000000
137,32,1.03508483108201,25.1820481929425,101.98753611266,24.3455269366033,100.785994432903,16.7648879314886,15.7298031004066,2012.04491516892,2013.08,165000000
138,140,0.629616546956287,25.8287202500562,102.140047660806,25.7638984660444,102.151568679863,14.9412960856102,14.3116795386539,2010.62679160717,2011.25640815412,165000000
138,139,0.838733359633097,25.8287202500562,102.140047660806,25.7315882828998,102.2165124161,15.150412898287,14.3116795386539,2010.62679160717,2011.4655249668,165000000
139,35,0.954475033201754,25.7315882828998,102.2165124161,25.7475862695173,102.15704675695,16.1048879314888,15.150412898287,2011.4655249668,2012.42,165000000
139,36,0.954475033201754,25.7315882828998,102.2165124161,25.7219112851378,102.231748907541,16.1048879314888,15.150412898287,2011.4655249668,2012.42,165000000
140,41,1.07359184587842,25.7638984660444,102.151568679863,25.7477504165696,102.157941289588,16.0148879314886,14.9412960856102,2011.25640815412,2012.33,165000000
140,141,0.602924066376394,25.7638984660444,102.151568679863,25.7662738247811,102.17785874265,15.5442201519866,14.9412960856102,2011.25640815412,2011.8593322205,165000000
141,143,0.0443897628555163,25.7662738247811,102.17785874265,25.7603129332619,102.178444769697,15.5886099148421,15.5442201519866,2011.8593322205,2011.90372198335,165000000
141,142,0.392496392661971,25.7662738247811,102.17785874265,25.2068245120846,102.047476398304,15.9367165446486,15.5442201519866,2011.8593322205,2012.25182861316,165000000
142,37,0.0781713868400531,25.2068245120846,102.047476398304,25.1964771532726,102.051368174123,16.0148879314886,15.9367165446486,2012.25182861316,2012.33,165000000
142,38,2.82817138684005,25.2068245120846,102.047476398304,25.1949934880832,102.056771958846,18.7648879314886,15.9367165446486,2012.25182861316,2015.08,165000000
143,40,0.346278016646581,25.7603129332619,102.178444769697,25.7644876966072,102.206231207846,15.9348879314887,15.5886099148421,2011.90372198335,2012.25,165000000
143,39,0.346278016646581,25.7603129332619,102.178444769697,25.7038353967095,102.206629412751,15.9348879314887,15.5886099148421,2011.90372198335,2012.25,165000000
144,145,2.74975650265996,25.8058615610487,102.218480533031,25.7444839382713,102.186396499259,16.2336798874808,13.4839233848208,2009.79903545333,2012.54879195599,165000000
144,42,2.62096454666799,25.8058615610487,102.218480533031,25.7394860608424,102.227152427316,16.1048879314888,13.4839233848208,2009.79903545333,2012.42,165000000
145,44,1.78120804400788,25.7444839382713,102.186396499259,25.7576349065405,102.245327539447,18.0148879314886,16.2336798874808,2012.54879195599,2014.33,165000000
145,43,1.95120804400796,25.7444839382713,102.186396499259,25.7209208437718,102.172120617662,18.1848879314887,16.2336798874808,2012.54879195599,2014.5,165000000
146,45,5.70870106553385,25.9553051439857,104.433905272174,25.465799,104.3569,14.6048879314888,8.89618686595494,2005.21129893447,2010.92,165000000
146,147,1.68366662626627,25.9553051439857,104.433905272174,26.3490349349957,104.207002747237,10.5798534922212,8.89618686595494,2005.21129893447,2006.89496556073,165000000
147,46,3.8550344392675,26.3490349349957,104.207002747237,26.3146474318727,104.137547961783,14.4348879314887,10.5798534922212,2006.89496556073,2010.75,165000000
147,148,2.04816480818018,26.3490349349957,104.207002747237,26.3365250059829,104.161998111527,12.6280183004014,10.5798534922212,2006.89496556073,2008.94313036891,165000000
148,47,1.72686963108739,26.3365250059829,104.161998111527,26.3168191039657,104.097721222751,14.3548879314888,12.6280183004014,2008.94313036891,2010.67,165000000
148,48,6.30686963108732,26.3365250059829,104.161998111527,26.2756423917122,104.154631123459,18.9348879314887,12.6280183004014,2008.94313036891,2015.25,165000000
149,178,4.11441661703461,25.2878238072886,102.388806003824,22.7618817237657,100.76671074714,11.0327093339348,6.91829271690016,2003.23340478541,2007.34782140245,165000000
149,150,7.35003551690118,25.2878238072886,102.388806003824,25.2289080970383,102.251597060661,14.2683282338013,6.91829271690016,2003.23340478541,2010.58344030231,165000000
150,176,0.268470918157525,25.2289080970383,102.251597060661,26.0159810454121,102.527101578383,14.5367991519589,14.2683282338013,2010.58344030231,2010.85191122047,165000000
150,151,0.384438874579164,25.2289080970383,102.251597060661,25.1871994989594,102.188975104315,14.6527671083805,14.2683282338013,2010.58344030231,2010.96787917689,165000000
151,152,1.63293580570182,25.1871994989594,102.188975104315,24.4224035995349,100.918661740726,16.2857029140823,14.6527671083805,2010.96787917689,2012.60081498259,165000000
151,162,2.46737867584813,25.1871994989594,102.188975104315,25.1888250645804,102.083730042932,17.1201457842286,14.6527671083805,2010.96787917689,2013.43525785274,165000000
152,153,0.186632653229415,24.4224035995349,100.918661740726,24.5915362244206,98.8455813402211,16.4723355673117,16.2857029140823,2012.60081498259,2012.78744763582,165000000
152,157,0.152311777812727,24.4224035995349,100.918661740726,24.4030357689754,100.867010389821,16.438014691895,16.2857029140823,2012.60081498259,2012.75312676041,165000000
153,49,1.96255236417698,24.5915362244206,98.8455813402211,24.4894448274992,98.8474607225628,18.4348879314887,16.4723355673117,2012.78744763582,2014.75,165000000
153,154,0.1041136071075,24.5915362244206,98.8455813402211,24.5946652822607,98.8457231497301,16.5764491744192,16.4723355673117,2012.78744763582,2012.89156124293,165000000
154,155,0.529679910934728,24.5946652822607,98.8457231497301,25.208243214695,99.0935580058939,17.106129085354,16.5764491744192,2012.89156124293,2013.42124115387,165000000
154,53,1.77843875706955,24.5946652822607,98.8457231497301,24.4726499804953,98.8270172385845,18.3548879314888,16.5764491744192,2012.89156124293,2014.67,165000000
155,52,2.24875884613482,25.208243214695,99.0935580058939,25.2085731667537,99.0958859331714,19.3548879314888,17.106129085354,2013.42124115387,2015.67,165000000
155,156,0.46078899513326,25.208243214695,99.0935580058939,25.1817614057749,99.0532901730269,17.5669180804872,17.106129085354,2013.42124115387,2013.882030149,165000000
156,50,0.197969851001418,25.1817614057749,99.0532901730269,25.1764674719505,99.0412839640181,17.7648879314886,17.5669180804872,2013.882030149,2014.08,165000000
156,51,0.867969851001491,25.1817614057749,99.0532901730269,25.1819917274846,99.05321222442,18.4348879314887,17.5669180804872,2013.882030149,2014.75,165000000
157,158,0.0621848138578018,24.4030357689754,100.867010389821,24.3835560536729,100.861188319097,16.5001995057529,16.438014691895,2012.75312676041,2012.81531157426,165000000
157,161,0.022159794019684,24.4030357689754,100.867010389821,24.4100383510042,100.851176864612,16.4601744859147,16.438014691895,2012.75312676041,2012.77528655443,165000000
158,54,0.684688425735866,24.3835560536729,100.861188319097,24.3697872887738,100.808468752841,17.1848879314887,16.5001995057529,2012.81531157426,2013.5,165000000
158,159,0.317159244677166,24.3835560536729,100.861188319097,24.3827027661246,100.868619378789,16.81735875043,16.5001995057529,2012.81531157426,2013.13247081894,165000000
159,55,2.1175291810587,24.3827027661246,100.868619378789,24.4059435290062,100.836249911346,18.9348879314887,16.81735875043,2013.13247081894,2015.25,165000000
159,160,0.762528882872439,24.3827027661246,100.868619378789,24.3841133454478,100.876346706646,17.5798876333025,16.81735875043,2013.13247081894,2013.89499970181,165000000
160,57,0.35500029818626,24.3841133454478,100.876346706646,23.846087,100.13168,17.9348879314887,17.5798876333025,2013.89499970181,2014.25,165000000
160,56,0.10500029818626,24.3841133454478,100.876346706646,24.3955753922411,100.778585361311,17.6848879314887,17.5798876333025,2013.89499970181,2014,165000000
161,58,1.30471344557391,24.4100383510042,100.851176864612,24.3413375537212,100.823038913019,17.7648879314886,16.4601744859147,2012.77528655443,2014.08,165000000
161,59,0.144713445574056,24.4100383510042,100.851176864612,24.5139280977902,101.625932396038,16.6048879314888,16.4601744859147,2012.77528655443,2012.92,165000000
162,170,0.204896075560814,25.1888250645804,102.083730042932,25.1481482011422,101.988836199685,17.3250418597894,17.1201457842286,2013.43525785274,2013.6401539283,165000000
162,163,0.124634031652931,25.1888250645804,102.083730042932,25.1703074251036,101.994241938371,17.2447798158816,17.1201457842286,2013.43525785274,2013.55989188439,165000000
163,164,0.0626531165511373,25.1703074251036,101.994241938371,25.155277721376,102.006788686929,17.3074329324327,17.2447798158816,2013.55989188439,2013.62254500094,165000000
163,168,0.615094492606559,25.1703074251036,101.994241938371,25.2243362468921,102.05364586556,17.8598743084881,17.2447798158816,2013.55989188439,2014.174986377,165000000
164,165,0.0931914211598346,25.155277721376,102.006788686929,25.1496428308112,102.022197165814,17.4006243535925,17.3074329324327,2013.62254500094,2013.7157364221,165000000
164,60,0.297454999056094,25.155277721376,102.006788686929,25.1742487412218,102.037338704199,17.6048879314888,17.3074329324327,2013.62254500094,2013.92,165000000
165,166,0.0183519999787993,25.1496428308112,102.022197165814,25.1333148567627,102.005655253054,17.4189763535713,17.4006243535925,2013.7157364221,2013.73408842208,165000000
165,64,0.364263577896114,25.1496428308112,102.022197165814,25.1482273431445,102.026962296723,17.7648879314886,17.4006243535925,2013.7157364221,2014.08,165000000
166,167,1.35996368558415,25.1333148567627,102.005655253054,25.2907470150972,101.937299386197,18.7789400391555,17.4189763535713,2013.73408842208,2015.09405210767,165000000
166,61,0.68591157791746,25.1333148567627,102.005655253054,25.153576289423,102.012829786051,18.1048879314888,17.4189763535713,2013.73408842208,2014.42,165000000
167,63,0.405947892333235,25.2907470150972,101.937299386197,25.392815,101.58666,19.1848879314887,18.7789400391555,2015.09405210767,2015.5,165000000
167,62,0.325947892333308,25.2907470150972,101.937299386197,25.2249366438294,101.971427110345,19.1048879314888,18.7789400391555,2015.09405210767,2015.42,165000000
168,65,0.245013623000672,25.2243362468921,102.05364586556,25.2211953102295,102.030549706571,18.1048879314888,17.8598743084881,2014.174986377,2014.42,165000000
168,169,0.236943528457478,25.2243362468921,102.05364586556,25.1869813210332,102.058259061495,18.0968178369456,17.8598743084881,2014.174986377,2014.41192990546,165000000
169,67,1.41807009454305,25.1869813210332,102.058259061495,25.2020371407467,102.058095366471,19.5148879314886,18.0968178369456,2014.41192990546,2015.83,165000000
169,66,0.00807009454319418,25.1869813210332,102.058259061495,25.1834927777189,102.068638972728,18.1048879314888,18.0968178369456,2014.41192990546,2014.42,165000000
170,175,0.425249317502007,25.1481482011422,101.988836199685,25.1817305885672,102.006829027442,17.7502911772914,17.3250418597894,2013.6401539283,2014.0654032458,165000000
170,171,0.0507676299918214,25.1481482011422,101.988836199685,25.1576819174669,101.982107543349,17.3758094897813,17.3250418597894,2013.6401539283,2013.69092155829,165000000
171,172,0.357701681141325,25.1576819174669,101.982107543349,25.1732659930036,101.982795963172,17.7335111709226,17.3758094897813,2013.69092155829,2014.04862323943,165000000
171,174,0.540294424880154,25.1576819174669,101.982107543349,25.1963593252554,101.98821554037,17.9161039146614,17.3758094897813,2013.69092155829,2014.23121598317,165000000
172,173,0.405232140518897,25.1732659930036,101.982795963172,25.18673724399,102.043231959199,18.1387433114415,17.7335111709226,2014.04862323943,2014.45385537995,165000000
172,70,0.0313767605660571,25.1732659930036,101.982795963172,25.1684520811611,101.985234404117,17.7648879314886,17.7335111709226,2014.04862323943,2014.08,165000000
173,68,0.966144620047306,25.18673724399,102.043231959199,25.1903896338417,102.04665652656,19.1048879314888,18.1387433114415,2014.45385537995,2015.42,165000000
173,69,0.546144620047233,25.18673724399,102.043231959199,25.1865184119527,102.03986537657,18.6848879314887,18.1387433114415,2014.45385537995,2015,165000000
174,72,0.848784016827228,25.1963593252554,101.98821554037,25.1819117809829,102.017776866562,18.7648879314886,17.9161039146614,2014.23121598317,2015.08,165000000
174,71,0.188784016827373,25.1963593252554,101.98821554037,25.1992308404884,102.035128111524,18.1048879314888,17.9161039146614,2014.23121598317,2014.42,165000000
175,73,1.5145967541972,25.1817305885672,102.006829027442,25.2165973298091,102.007979697269,19.2648879314886,17.7502911772914,2014.0654032458,2015.58,165000000
175,74,0.0145967541971961,25.1817305885672,102.006829027442,25.2033261000039,101.999217685947,17.7648879314886,17.7502911772914,2014.0654032458,2014.08,165000000
176,77,2.14808877952986,26.0159810454121,102.527101578383,25.639311,103.86436,16.6848879314887,14.5367991519589,2010.85191122047,2013,165000000
176,177,0.180972819598173,26.0159810454121,102.527101578383,25.968788815149,102.589126866112,14.717771971557,14.5367991519589,2010.85191122047,2011.03288404007,165000000
177,76,1.46711595993168,25.968788815149,102.589126866112,25.941017,102.58662,16.1848879314887,14.717771971557,2011.03288404007,2012.5,165000000
177,75,1.38711595993176,25.968788815149,102.589126866112,25.7745803894528,102.190042215149,16.1048879314888,14.717771971557,2011.03288404007,2012.42,165000000
178,191,1.27401625286238,22.7618817237657,100.76671074714,22.7291165470246,100.838890179452,12.3067255867971,11.0327093339348,2007.34782140245,2008.62183765531,165000000
178,179,0.601660825247092,22.7618817237657,100.76671074714,22.7132833401279,100.775519551658,11.6343701591819,11.0327093339348,2007.34782140245,2007.94948222769,165000000
179,180,0.814447782558084,22.7132833401279,100.775519551658,22.6119584561944,100.74016708245,12.4488179417399,11.6343701591819,2007.94948222769,2008.76393001025,165000000
179,187,0.535671611806551,22.7132833401279,100.775519551658,22.6249683625596,100.87420676621,12.1700417709884,11.6343701591819,2007.94948222769,2008.4851538395,165000000
180,78,2.8160699897487,22.6119584561944,100.74016708245,26.6497462681741,99.2901547559734,15.2648879314886,12.4488179417399,2008.76393001025,2011.58,165000000
180,181,0.533289726708889,22.6119584561944,100.74016708245,22.5644253711231,100.777909080833,12.9821076684488,12.4488179417399,2008.76393001025,2009.29721973696,165000000
181,183,0.762343423061081,22.5644253711231,100.777909080833,22.5901002947184,100.78192263859,13.7444510915099,12.9821076684488,2009.29721973696,2010.05956316002,165000000
181,182,2.34182018388004,22.5644253711231,100.777909080833,22.5428345380276,100.045986412844,15.3239278523289,12.9821076684488,2009.29721973696,2011.63903992084,165000000
182,80,0.440960079159773,22.5428345380276,100.045986412844,22.6436650967707,100.011904564739,15.7648879314886,15.3239278523289,2011.63903992084,2012.08,165000000
182,79,0.360960079159845,22.5428345380276,100.045986412844,22.618689670461,99.9371137621941,15.6848879314887,15.3239278523289,2011.63903992084,2012,165000000
183,184,1.62431364529687,22.5901002947184,100.78192263859,22.3618293249365,100.941090810983,15.3687647368068,13.7444510915099,2010.05956316002,2011.68387680532,165000000
183,186,0.646033465405609,22.5901002947184,100.78192263859,22.7590826872996,100.872836141098,14.3904845569155,13.7444510915099,2010.05956316002,2010.70559662543,165000000
184,185,1.59172510070423,22.3618293249365,100.941090810983,22.134279678556,100.867901793855,16.960489837511,15.3687647368068,2011.68387680532,2013.27560190602,165000000
184,83,0.986123194682004,22.3618293249365,100.941090810983,21.7335,101.45409,16.3548879314888,15.3687647368068,2011.68387680532,2012.67,165000000
185,82,0.394398093977775,22.134279678556,100.867901793855,22.0787328195166,100.913205297227,17.3548879314888,16.960489837511,2013.27560190602,2013.67,165000000
185,81,0.394398093977775,22.134279678556,100.867901793855,22.1257125065983,100.876184004947,17.3548879314888,16.960489837511,2013.27560190602,2013.67,165000000
186,84,0.0444033745731955,22.7590826872996,100.872836141098,22.7594887958914,100.873803892728,14.4348879314887,14.3904845569155,2010.70559662543,2010.75,165000000
186,85,0.544403374573196,22.7590826872996,100.872836141098,22.7342837513168,100.884260116112,14.9348879314887,14.3904845569155,2010.70559662543,2011.25,165000000
187,188,0.270238737058158,22.6249683625596,100.87420676621,22.1185520639757,100.881897985799,12.4402805080466,12.1700417709884,2008.4851538395,2008.75539257656,165000000
187,189,1.23699949672125,22.6249683625596,100.87420676621,22.6449649929694,100.86708129645,13.4070412677097,12.1700417709884,2008.4851538395,2009.72215333622,165000000
188,86,0.744607423442149,22.1185520639757,100.881897985799,22.1158812495718,100.880646019906,13.1848879314887,12.4402805080466,2008.75539257656,2009.5,165000000
188,87,2.41460742344222,22.1185520639757,100.881897985799,21.964766,100.32704,14.8548879314888,12.4402805080466,2008.75539257656,2011.17,165000000
189,88,0.697846663779133,22.6449649929694,100.86708129645,22.7351433301888,100.852455745924,14.1048879314888,13.4070412677097,2009.72215333622,2010.42,165000000
189,190,0.6498537116588,22.6449649929694,100.86708129645,22.6928150970433,100.874962809937,14.0568949793685,13.4070412677097,2009.72215333622,2010.37200704788,165000000
190,89,0.127992952120261,22.6928150970433,100.874962809937,22.7011537773453,100.870735988231,14.1848879314887,14.0568949793685,2010.37200704788,2010.5,165000000
190,90,0.377992952120261,22.6928150970433,100.874962809937,22.7004340823945,100.868541256156,14.4348879314887,14.0568949793685,2010.37200704788,2010.75,165000000
191,192,0.351658781336143,22.7291165470246,100.838890179452,23.3780241316261,100.574198064245,12.6583843681333,12.3067255867971,2008.62183765531,2008.97349643664,165000000
191,91,1.95816234469149,22.7291165470246,100.838890179452,22.7296176748193,100.84402942124,14.2648879314886,12.3067255867971,2008.62183765531,2010.58,165000000
192,193,0.776448780293562,23.3780241316261,100.574198064245,23.3207664258685,100.769239551736,13.4348331484269,12.6583843681333,2008.97349643664,2009.74994521694,165000000
192,98,3.02650356335542,23.3780241316261,100.574198064245,23.363060851206,100.59862030348,15.6848879314887,12.6583843681333,2008.97349643664,2012,165000000
193,97,2.33005478306179,23.3207664258685,100.769239551736,23.3334131206424,100.511605245672,15.7648879314886,13.4348331484269,2009.74994521694,2012.08,165000000
193,194,0.937655408557519,23.3207664258685,100.769239551736,24.0058843158809,100.953685877849,14.3724885569844,13.4348331484269,2009.74994521694,2010.6876006255,165000000
194,96,0.312399374504342,24.0058843158809,100.953685877849,23.9612957660526,100.965842994677,14.6848879314887,14.3724885569844,2010.6876006255,2011,165000000
194,195,0.479041599342391,24.0058843158809,100.953685877849,24.0286904294539,100.953972656916,14.8515301563268,14.3724885569844,2010.6876006255,2011.16664222484,165000000
195,196,0.147983583301758,24.0286904294539,100.953972656916,24.0173548588521,100.955489349103,14.9995137396285,14.8515301563268,2011.16664222484,2011.31462580814,165000000
195,92,0.663357775161878,24.0286904294539,100.953972656916,23.9859141963892,100.934131981078,15.5148879314886,14.8515301563268,2011.16664222484,2011.83,165000000
196,95,1.10537419186027,24.0173548588521,100.955489349103,25.2161082581777,102.057623855798,16.1048879314888,14.9995137396285,2011.31462580814,2012.42,165000000
196,197,1.48203924373416,24.0173548588521,100.955489349103,24.3660841425934,100.807590115413,16.4815529833627,14.9995137396285,2011.31462580814,2012.79666505187,165000000
197,94,1.53333494812596,24.3660841425934,100.807590115413,24.3615107724489,100.804646568898,18.0148879314886,16.4815529833627,2012.79666505187,2014.33,165000000
197,93,1.53333494812596,24.3660841425934,100.807590115413,24.3690193270524,100.814632301443,18.0148879314886,16.4815529833627,2012.79666505187,2014.33,165000000
226,227,7.10201049415489,25.3602476196143,101.814737155504,25.2730000529408,101.587852034249,7.10201049415489,0,1994.48070785089,2001.58271834505,165000000
226,225,18.3492921491092,25.3602476196143,101.814737155504,25.7894219100114,101.871040058018,18.3492921491092,0,1994.48070785089,2012.83,165000000
227,228,5.06016488283431,25.2730000529408,101.587852034249,25.144970471674,102.030870732778,12.1621753769892,7.10201049415489,2001.58271834505,2006.64288322788,165000000
227,230,1.5282449370753,25.2730000529408,101.587852034249,25.2321317650398,101.475524240406,8.63025543123019,7.10201049415489,2001.58271834505,2003.11096328212,165000000
228,198,5.77711677212016,25.144970471674,102.030870732778,25.183891,102.01944,17.9392921491094,12.1621753769892,2006.64288322788,2012.42,165000000
228,229,2.94710817336608,25.144970471674,102.030870732778,25.6930179493574,101.8666582531,15.1092835503553,12.1621753769892,2006.64288322788,2009.58999140125,165000000
229,199,2.910008598754,25.6930179493574,101.8666582531,25.8194055009284,101.89549859647,18.0192921491093,15.1092835503553,2009.58999140125,2012.5,165000000
229,200,3.160008598754,25.6930179493574,101.8666582531,25.7400694280482,101.832829559277,18.2692921491093,15.1092835503553,2009.58999140125,2012.75,165000000
230,231,3.66828386838053,25.2321317650398,101.475524240406,25.2854428726718,101.51160359281,12.2985392996107,8.63025543123019,2003.11096328212,2006.7792471505,165000000
230,244,4.42978073858463,25.2321317650398,101.475524240406,25.3395776622952,101.49914061094,13.0600361698148,8.63025543123019,2003.11096328212,2007.54074402071,165000000
231,233,2.10347867558255,25.2854428726718,101.51160359281,25.2676903209374,101.227044684012,14.4020179751933,12.2985392996107,2006.7792471505,2008.88272582608,165000000
231,232,7.42678524287726,25.2854428726718,101.51160359281,25.4113373837468,101.608259292914,19.725324542488,12.2985392996107,2006.7792471505,2014.20603239338,165000000
232,201,0.463967606621383,25.4113373837468,101.608259292914,25.3786875374443,101.606310684652,20.1892921491094,19.725324542488,2014.20603239338,2014.67,165000000
232,202,0.213967606621383,25.4113373837468,101.608259292914,25.4098055647798,101.599693134394,19.9392921491094,19.725324542488,2014.20603239338,2014.42,165000000
233,243,0.730909160224471,25.2676903209374,101.227044684012,25.2776694036462,101.221155167297,15.1329271354177,14.4020179751933,2008.88272582608,2009.61363498631,165000000
233,234,1.54266861888522,25.2676903209374,101.227044684012,25.3570723815082,101.257809385972,15.9446865940785,14.4020179751933,2008.88272582608,2010.42539444497,165000000
234,237,0.645849670234192,25.3570723815082,101.257809385972,25.4848855690032,101.228706649049,16.5905362643127,15.9446865940785,2010.42539444497,2011.0712441152,165000000
234,235,1.83513296602659,25.3570723815082,101.257809385972,25.538746851325,101.227053408177,17.7798195601051,15.9446865940785,2010.42539444497,2012.260527411,165000000
235,205,0.909472589004286,25.538746851325,101.227053408177,25.5367969380647,101.223666256503,18.6892921491094,17.7798195601051,2012.260527411,2013.17,165000000
235,236,0.465175678576546,25.538746851325,101.227053408177,25.4918568891808,101.21811399977,18.2449952386816,17.7798195601051,2012.260527411,2012.72570308957,165000000
236,204,0.604296910427595,25.4918568891808,101.21811399977,25.5336573117812,101.166170861387,18.8492921491092,18.2449952386816,2012.72570308957,2013.33,165000000
236,203,1.19429691042774,25.4918568891808,101.21811399977,25.4960780417063,101.198587044523,19.4392921491094,18.2449952386816,2012.72570308957,2013.92,165000000
237,241,1.33560237053486,25.4848855690032,101.228706649049,25.55763714639,101.277377736706,17.9261386348475,16.5905362643127,2011.0712441152,2012.40684648574,165000000
237,238,0.141353649808153,25.4848855690032,101.228706649049,25.4821246830104,101.228111165128,16.7318899141208,16.5905362643127,2011.0712441152,2011.21259776501,165000000
238,240,3.04177524114774,25.4821246830104,101.228111165128,25.5505170454334,101.251713564184,19.7736651552686,16.7318899141208,2011.21259776501,2014.25437300616,165000000
238,239,1.15189426992595,25.4821246830104,101.228111165128,25.5127292273947,101.218511618803,17.8837841840468,16.7318899141208,2011.21259776501,2012.36449203494,165000000
239,206,1.55550796506258,25.5127292273947,101.218511618803,25.4851750806935,101.204235171419,19.4392921491094,17.8837841840468,2012.36449203494,2013.92,165000000
239,207,2.80550796506258,25.5127292273947,101.218511618803,25.5093810489001,101.193958351035,20.6892921491094,17.8837841840468,2012.36449203494,2015.17,165000000
240,208,0.415626993840787,25.5505170454334,101.251713564184,25.5024332718525,101.248106426167,20.1892921491094,19.7736651552686,2014.25437300616,2014.67,165000000
240,209,0.745626993840715,25.5505170454334,101.251713564184,25.4818092750109,101.217039425829,20.5192921491093,19.7736651552686,2014.25437300616,2015,165000000
241,212,1.51315351426183,25.55763714639,101.277377736706,25.510801,100.77525,19.4392921491094,17.9261386348475,2012.40684648574,2013.92,165000000
241,242,1.54165014691652,25.55763714639,101.277377736706,25.9467809770174,101.217974875649,19.4677887817641,17.9261386348475,2012.40684648574,2013.94849663265,165000000
242,210,0.381503367345163,25.9467809770174,101.217974875649,25.8974568832668,101.278302414307,19.8492921491092,19.4677887817641,2013.94849663265,2014.33,165000000
242,211,0.381503367345163,25.9467809770174,101.217974875649,25.982657659462,101.193623256869,19.8492921491092,19.4677887817641,2013.94849663265,2014.33,165000000
243,213,3.80636501369162,25.2776694036462,101.221155167297,25.093304,101.033,18.9392921491094,15.1329271354177,2009.61363498631,2013.42,165000000
243,214,3.96636501369148,25.2776694036462,101.221155167297,24.868511,101.321,19.0992921491092,15.1329271354177,2009.61363498631,2013.58,165000000
244,245,1.80653090142699,25.3395776622952,101.49914061094,25.3913951870089,101.561397148836,14.8665670712418,13.0600361698148,2007.54074402071,2009.34727492213,165000000
244,249,4.4551115928504,25.3395776622952,101.49914061094,25.3966227260869,101.555107115676,17.5151477626652,13.0600361698148,2007.54074402071,2011.99585561356,165000000
245,246,4.26904521583011,25.3913951870089,101.561397148836,24.4957298844247,101.652900146985,19.1356122870719,14.8665670712418,2009.34727492213,2013.61632013796,165000000
245,248,2.59706721941954,25.3913951870089,101.561397148836,25.4076700705956,101.550975248428,17.4636342906613,14.8665670712418,2009.34727492213,2011.94434214155,165000000
246,215,0.303679862037453,24.4957298844247,101.652900146985,24.5078041643612,101.631798076261,19.4392921491094,19.1356122870719,2013.61632013796,2013.92,165000000
246,247,0.722604227384736,24.4957298844247,101.652900146985,24.5518553342181,101.615219678732,19.8582165144566,19.1356122870719,2013.61632013796,2014.33892436535,165000000
247,217,0.661075634652644,24.5518553342181,101.615219678732,24.5789672584278,101.589557988068,20.5192921491093,19.8582165144566,2014.33892436535,2015,165000000
247,216,0.741075634652572,24.5518553342181,101.615219678732,24.5125894812309,101.667772275544,20.5992921491092,19.8582165144566,2014.33892436535,2015.08,165000000
248,219,2.47565785844802,25.4076700705956,101.550975248428,25.3770019401691,101.558879354224,19.9392921491094,17.4636342906613,2011.94434214155,2014.42,165000000
248,218,3.05565785844795,25.4076700705956,101.550975248428,25.3686639724289,101.594265147485,20.5192921491093,17.4636342906613,2011.94434214155,2015,165000000
249,250,0.133955735675992,25.3966227260869,101.555107115676,25.3509948260145,101.565935631428,17.6491034983412,17.5151477626652,2011.99585561356,2012.12981134923,165000000
249,224,2.75414438644407,25.3966227260869,101.555107115676,25.4370729413773,101.561078619679,20.2692921491093,17.5151477626652,2011.99585561356,2014.75,165000000
250,220,1.79018865076815,25.3509948260145,101.565935631428,25.3782248290871,101.592408701954,19.4392921491094,17.6491034983412,2012.12981134923,2013.92,165000000
250,251,0.244810800425328,25.3509948260145,101.565935631428,25.389147531446,101.566294327028,17.8939142987665,17.6491034983412,2012.12981134923,2012.37462214966,165000000
251,221,0.955377850342678,25.389147531446,101.566294327028,25.4300792021404,101.566769892535,18.8492921491092,17.8939142987665,2012.37462214966,2013.33,165000000
251,252,0.94010240135903,25.389147531446,101.566294327028,25.4228275852209,101.571592827481,18.8340167001256,17.8939142987665,2012.37462214966,2013.31472455102,165000000
252,223,0.43527544898372,25.4228275852209,101.571592827481,25.4376263399323,101.560602866834,19.2692921491093,18.8340167001256,2013.31472455102,2013.75,165000000
252,222,0.0152754489836475,25.4228275852209,101.571592827481,25.4100683696233,101.571053188033,18.8492921491092,18.8340167001256,2013.31472455102,2013.33,165000000
