node1,node2,length,startLat,startLon,endLat,endLon,endNodeL,startNodeL,startYear,endYear,treeID
204,203,56.7085103323471,12.17314394477,103.847144509222,13.1271597126024,103.219713226862,56.7085103323471,0,1957.82847596902,2014.53698630137,48150000
204,205,11.8373089574447,12.17314394477,103.847144509222,11.7356633397388,104.650929075791,11.8373089574447,0,1957.82847596902,1969.66578492647,48150000
205,206,14.059273179213,11.7356633397388,104.650929075791,11.9121740850564,105.178510389058,25.8965821366577,11.8373089574447,1969.66578492647,1983.72505810568,48150000
205,238,6.74709991265852,11.7356633397388,104.650929075791,11.5238698350618,105.043717646725,18.5844088701032,11.8373089574447,1969.66578492647,1976.41288483913,48150000
206,207,19.0783469424187,11.9121740850564,105.178510389058,11.6237941788094,105.381275884879,44.9749290790764,25.8965821366577,1983.72505810568,2002.8034050481,48150000
206,232,22.6369865426201,11.9121740850564,105.178510389058,12.211380691638,105.654574231283,48.5335686792779,25.8965821366577,1983.72505810568,2006.3620446483,48150000
207,208,6.31592881697718,11.6237941788094,105.381275884879,11.7573176214024,105.324902698416,51.2908578960536,44.9749290790764,2002.8034050481,2009.11933386508,48150000
207,231,6.41155753733043,11.6237941788094,105.381275884879,11.4609982404135,105.46330316395,51.3864866164069,44.9749290790764,2002.8034050481,2009.21496258543,48150000
208,209,1.04598256568734,11.7573176214024,105.324902698416,11.5535516986438,105.180686930979,52.3368404617409,51.2908578960536,2009.11933386508,2010.16531643076,48150000
208,222,1.13586683611103,11.7573176214024,105.324902698416,11.7570102170912,105.329888213582,52.4267247321646,51.2908578960536,2009.11933386508,2010.25520070119,48150000
209,210,0.0477134957338352,11.5535516986438,105.180686930979,11.5821400415929,105.164094198818,52.3845539574748,52.3368404617409,2010.16531643076,2010.2130299265,48150000
209,14,2.18987482606684,11.5535516986438,105.180686930979,11.653259015854,105.141252446793,54.5267152878078,52.3368404617409,2010.16531643076,2012.35519125683,48150000
210,13,5.60340842966684,11.5821400415929,105.164094198818,11.2357876449419,105.286295307114,57.9879623871416,52.3845539574748,2010.2130299265,2015.81643835616,48150000
210,211,1.07855272434895,11.5821400415929,105.164094198818,11.6414869119081,105.084669276188,53.4631066818237,52.3845539574748,2010.2130299265,2011.29158265085,48150000
211,213,0.445873436902039,11.6414869119081,105.084669276188,11.668247995855,105.088912677106,53.9089801187258,53.4631066818237,2011.29158265085,2011.73745608775,48150000
211,212,0.164019793963383,11.6414869119081,105.084669276188,11.6241620817453,105.089168047829,53.6271264757871,53.4631066818237,2011.29158265085,2011.45560244481,48150000
212,1,1.4460368994525,11.6241620817453,105.089168047829,11.8970218840455,105.166647723467,55.0731633752396,53.6271264757871,2011.45560244481,2012.90163934426,48150000
212,2,2.2019318017655,11.6241620817453,105.089168047829,13.3693751171259,103.868265125168,55.8290582775526,53.6271264757871,2011.45560244481,2013.65753424658,48150000
213,215,0.237521954996725,11.668247995855,105.088912677106,11.7064383772428,105.061278059078,54.1465020737225,53.9089801187258,2011.73745608775,2011.97497804275,48150000
213,214,0.17286630760043,11.668247995855,105.088912677106,11.6471710884566,105.075724694699,54.0818464263262,53.9089801187258,2011.73745608775,2011.91032239535,48150000
214,3,0.849240446181034,11.6471710884566,105.075724694699,11.8098161467508,105.044209924367,54.9310868725072,54.0818464263262,2011.91032239535,2012.75956284153,48150000
214,4,2.3800885635553,11.6471710884566,105.075724694699,11.7544550710571,105.005231439673,56.4619349898815,54.0818464263262,2011.91032239535,2014.2904109589,48150000
215,5,1.93461099835064,11.7064383772428,105.061278059078,11.6284746521627,104.956039077215,56.0811130720731,54.1465020737225,2011.97497804275,2013.9095890411,48150000
215,216,0.0247538772241516,11.7064383772428,105.061278059078,11.6906874002529,105.070986674681,54.1712559509467,54.1465020737225,2011.97497804275,2011.99973191997,48150000
216,217,0.396389987604774,11.6906874002529,105.070986674681,11.6988617774784,105.022984232905,54.5676459385514,54.1712559509467,2011.99973191997,2012.39612190757,48150000
216,12,1.00574753208536,11.6906874002529,105.070986674681,11.6301933437933,104.958772620835,55.177003483032,54.1712559509467,2011.99973191997,2013.00547945205,48150000
217,218,0.279415656453662,11.6988617774784,105.022984232905,11.7563450311165,105.02823100037,54.8470615950051,54.5676459385514,2012.39612190757,2012.67553756403,48150000
217,6,0.65867261297393,11.6988617774784,105.022984232905,11.4581365336032,105.184318872054,55.2263185515254,54.5676459385514,2012.39612190757,2013.05479452055,48150000
218,11,4.40939394282143,11.7563450311165,105.02823100037,11.663703334647,105.070243563884,59.2564555378265,54.8470615950051,2012.67553756403,2017.08493150685,48150000
218,219,0.113787682702881,11.7563450311165,105.02823100037,11.7855176563293,105.065843530463,54.960849277708,54.8470615950051,2012.67553756403,2012.78932524673,48150000
219,220,0.0735083056515826,11.7855176563293,105.065843530463,11.834243968829,105.061361895915,55.0343575833596,54.960849277708,2012.78932524673,2012.86283355238,48150000
219,221,1.28490546351183,11.7855176563293,105.065843530463,11.7170766037546,104.967467111076,56.2457547412198,54.960849277708,2012.78932524673,2014.07423071024,48150000
220,7,0.00328666619697238,11.834243968829,105.061361895915,11.833733354663,105.05973815005,55.0376442495565,55.0343575833596,2012.86283355238,2012.86612021858,48150000
220,8,3.77104622903852,11.834243968829,105.061361895915,11.7194545911191,105.240991473918,58.8054038123981,55.0343575833596,2012.86283355238,2016.63387978142,48150000
221,9,3.52302956373006,11.7170766037546,104.967467111076,11.7927685569895,105.086174632167,59.7687843049498,56.2457547412198,2014.07423071024,2017.59726027397,48150000
221,10,0.460015865099926,11.7170766037546,104.967467111076,11.5459170906478,105.028953236105,56.7057706063197,56.2457547412198,2014.07423071024,2014.53424657534,48150000
222,224,1.66529566782966,11.7570102170912,105.329888213582,11.6133474850104,105.406603270209,54.0920203999943,52.4267247321646,2010.25520070119,2011.92049636902,48150000
222,223,0.570722836813133,11.7570102170912,105.329888213582,11.6963633463167,105.321988998296,52.9974475689778,52.4267247321646,2010.25520070119,2010.825923538,48150000
223,15,5.78883056036019,11.6963633463167,105.321988998296,11.3248965370897,105.533457713757,58.786278129338,52.9974475689778,2010.825923538,2016.61475409836,48150000
223,16,6.25352851679402,11.6963633463167,105.321988998296,11.6226149074733,105.253466475246,59.2509760857718,52.9974475689778,2010.825923538,2017.07945205479,48150000
224,228,2.59898289526515,11.6133474850104,105.406603270209,11.4097357395692,105.457989582212,56.6910032952595,54.0920203999943,2011.92049636902,2014.51947926428,48150000
224,225,0.859462600239334,11.6133474850104,105.406603270209,11.7340298039573,105.42769414921,54.9514830002336,54.0920203999943,2011.92049636902,2012.77995896926,48150000
225,226,0.0730788191951115,11.7340298039573,105.42769414921,11.7430014784717,105.454710406142,55.0245618194287,54.9514830002336,2012.77995896926,2012.85303778845,48150000
225,227,0.184800939471812,11.7340298039573,105.42769414921,11.6184131383128,105.334262781794,55.1362839397055,54.9514830002336,2012.77995896926,2012.96475990873,48150000
226,17,0.207236184151319,11.7430014784717,105.454710406142,11.8399212256578,105.420348898943,55.2317980035801,55.0245618194287,2012.85303778845,2013.0602739726,48150000
226,18,1.58257864990474,11.7430014784717,105.454710406142,11.7204168719254,105.442429692476,56.6071404693335,55.0245618194287,2012.85303778845,2014.43561643836,48150000
227,20,4.09825378990198,11.6184131383128,105.334262781794,11.6637965486434,105.424439899455,59.2345377296074,55.1362839397055,2012.96475990873,2017.06301369863,48150000
227,19,1.79688392688834,11.6184131383128,105.334262781794,11.6612211004964,105.221389580772,56.9331678665938,55.1362839397055,2012.96475990873,2014.76164383562,48150000
228,230,0.313786928507213,11.4097357395692,105.457989582212,11.2665178716705,105.452994041721,57.0047902237667,56.6910032952595,2014.51947926428,2014.83326619279,48150000
228,229,0.476405242861396,11.4097357395692,105.457989582212,11.4940033844066,105.456433068754,57.1674085381209,56.6910032952595,2014.51947926428,2014.99588450714,48150000
229,21,2.93014289011666,11.4940033844066,105.456433068754,11.5537906374614,105.629594299416,60.0975514282375,57.1674085381209,2014.99588450714,2017.92602739726,48150000
229,22,0.154800424363372,11.4940033844066,105.456433068754,11.4579941659299,105.431253716703,57.3222089624842,57.1674085381209,2014.99588450714,2015.15068493151,48150000
230,24,0.569473533238073,11.2665178716705,105.452994041721,11.0577308289795,105.378783747754,57.5742637570047,57.0047902237667,2014.83326619279,2015.40273972603,48150000
230,23,0.931117368854478,11.2665178716705,105.452994041721,11.3042230968575,105.451987483634,57.9359075926211,57.0047902237667,2014.83326619279,2015.76438356164,48150000
231,25,3.38066582987098,11.4609982404135,105.46330316395,11.3855165373081,105.328460183173,54.7671524462778,51.3864866164069,2009.21496258543,2012.5956284153,48150000
231,26,4.02065385292657,11.4609982404135,105.46330316395,11.3361524907562,105.635573928013,55.4071404693334,51.3864866164069,2009.21496258543,2013.23561643836,48150000
232,27,7.69548959827485,12.211380691638,105.654574231283,12.2930123116117,105.614500323457,56.2290582775527,48.5335686792779,2006.3620446483,2014.05753424658,48150000
232,233,3.1653014326351,12.211380691638,105.654574231283,11.8537575060887,105.658894274869,51.698870111913,48.5335686792779,2006.3620446483,2009.52734608094,48150000
233,236,1.15270780331778,11.8537575060887,105.658894274869,11.6115147495464,105.535091189119,52.8515779152307,51.698870111913,2009.52734608094,2010.68005388425,48150000
233,234,0.11014955640149,11.8537575060887,105.658894274869,11.87268933846,105.662262911535,51.8090196683145,51.698870111913,2009.52734608094,2009.63749563734,48150000
234,235,3.04550164025753,11.87268933846,105.662262911535,11.532697991461,105.3872132739,54.854521308572,51.8090196683145,2009.63749563734,2012.68299727759,48150000
234,30,5.92140847225193,11.87268933846,105.662262911535,11.9210818667589,105.856334310683,57.7304281405664,51.8090196683145,2009.63749563734,2015.55890410959,48150000
235,28,4.21590982623051,11.532697991461,105.3872132739,11.3246654503027,105.546103096387,59.0704311348025,54.854521308572,2012.68299727759,2016.89890710383,48150000
235,29,4.08476228524686,11.532697991461,105.3872132739,11.1479161784892,105.543023250711,58.9392835938188,54.854521308572,2012.68299727759,2016.76775956284,48150000
236,33,7.27337077328079,11.6115147495464,105.535091189119,11.8496181020663,105.637038940725,60.1249486885115,52.8515779152307,2010.68005388425,2017.95342465753,48150000
236,237,2.10834444738828,11.6115147495464,105.535091189119,11.571605804353,105.548841391814,54.959922362619,52.8515779152307,2010.68005388425,2012.78839833164,48150000
237,32,2.53214961356385,11.571605804353,105.548841391814,11.2840872424048,105.653581958747,57.4920719761829,54.959922362619,2012.78839833164,2015.32054794521,48150000
237,31,1.78420440808437,11.571605804353,105.548841391814,11.6042766637204,105.511481576715,56.7441267707034,54.959922362619,2012.78839833164,2014.57260273973,48150000
238,278,4.81060429738982,11.5238698350618,105.043717646725,11.6755353757419,104.931582940817,23.3950131674931,18.5844088701032,1976.41288483913,1981.22348913652,48150000
238,239,24.0348370915268,11.5238698350618,105.043717646725,11.9957087102268,105.134566561347,42.6192459616301,18.5844088701032,1976.41288483913,2000.44772193065,48150000
239,240,6.43318492619763,11.9957087102268,105.134566561347,12.1002258863391,105.163666894543,49.0524308878277,42.6192459616301,2000.44772193065,2006.88090685685,48150000
239,270,2.81885466247484,11.9957087102268,105.134566561347,12.1072357110781,105.067644468587,45.4381006241049,42.6192459616301,2000.44772193065,2003.26657659313,48150000
240,241,1.29571263557672,12.1002258863391,105.163666894543,12.0660359913886,105.123746046319,50.3481435234044,49.0524308878277,2006.88090685685,2008.17661949243,48150000
240,266,0.203804549048801,12.1002258863391,105.163666894543,12.1424676181063,105.177224746659,49.2562354368765,49.0524308878277,2006.88090685685,2007.0847114059,48150000
241,243,0.804494155768861,12.0660359913886,105.123746046319,12.0055711557394,105.133845802789,51.1526376791733,50.3481435234044,2008.17661949243,2008.9811136482,48150000
241,242,3.62787736752838,12.0660359913886,105.123746046319,11.8214490711137,104.968826214186,53.9760208909328,50.3481435234044,2008.17661949243,2011.80449685996,48150000
242,34,1.46125656470203,11.8214490711137,104.968826214186,11.8823474612279,104.896479652139,55.4372774556348,53.9760208909328,2011.80449685996,2013.26575342466,48150000
242,35,0.375831008896868,11.8214490711137,104.968826214186,11.8451614163288,104.990571132793,54.3518518998297,53.9760208909328,2011.80449685996,2012.18032786885,48150000
243,244,0.337282611092652,12.0055711557394,105.133845802789,11.9688487417042,105.055509857592,51.4899202902659,51.1526376791733,2008.9811136482,2009.31839625929,48150000
243,264,1.24157210196821,12.0055711557394,105.133845802789,12.0622537123387,105.110860647767,52.3942097811415,51.1526376791733,2008.9811136482,2010.22268575016,48150000
244,36,2.95209554399004,11.9688487417042,105.055509857592,12.2408280466422,105.138146188959,54.442015834256,51.4899202902659,2009.31839625929,2012.27049180328,48150000
244,245,0.0926122984463102,11.9688487417042,105.055509857592,11.9996764505216,105.097841967042,51.5825325887122,51.4899202902659,2009.31839625929,2009.41100855773,48150000
245,246,0.0824882483766061,11.9996764505216,105.097841967042,12.0216023988918,105.11771639341,51.6650208370888,51.5825325887122,2009.41100855773,2009.49349680611,48150000
245,262,1.19331507267568,11.9996764505216,105.097841967042,11.9858911221266,105.06360372456,52.7758476613879,51.5825325887122,2009.41100855773,2010.60432363041,48150000
246,261,1.96570969854776,12.0216023988918,105.11771639341,11.5939984569412,104.726713153157,53.6307305356366,51.6650208370888,2009.49349680611,2011.45920650466,48150000
246,247,0.683291917584433,12.0216023988918,105.11771639341,11.9851307925101,104.967153237501,52.3483127546733,51.6650208370888,2009.49349680611,2010.1767887237,48150000
247,251,0.707919542800481,11.9851307925101,104.967153237501,12.0797149045604,104.881255635501,53.0562322974738,52.3483127546733,2010.1767887237,2010.8847082665,48150000
247,248,2.08607134840459,11.9851307925101,104.967153237501,11.9945943139438,104.996106182745,54.4343841030779,52.3483127546733,2010.1767887237,2012.2628600721,48150000
248,37,0.890564585433715,11.9945943139438,104.996106182745,11.918097034725,105.006088610277,55.3249486885116,54.4343841030779,2012.2628600721,2013.15342465753,48150000
248,249,0.128964091709233,11.9945943139438,104.996106182745,11.9418223902565,105.015110806614,54.5633481947871,54.4343841030779,2012.2628600721,2012.39182416381,48150000
249,38,2.56981967180674,11.9418223902565,105.015110806614,11.0013333689738,104.972721452978,57.1331678665938,54.5633481947871,2012.39182416381,2014.96164383562,48150000
249,250,0.542243722815145,11.9418223902565,105.015110806614,11.8739744878382,105.062206610467,55.1055919176022,54.5633481947871,2012.39182416381,2012.93406788662,48150000
250,39,0.791959510635218,11.8739744878382,105.062206610467,11.8599923909203,105.016682742276,55.8975514282375,55.1055919176022,2012.93406788662,2013.72602739726,48150000
250,40,2.45223348323813,11.8739744878382,105.062206610467,11.963719768713,105.440148527948,57.5578254008404,55.1055919176022,2012.93406788662,2015.38630136986,48150000
251,252,0.746379250602972,12.0797149045604,104.881255635501,11.9670586020751,104.928494083935,53.8026115480767,53.0562322974738,2010.8847082665,2011.6310875171,48150000
251,256,2.38144146124356,12.0797149045604,104.881255635501,11.9314206944114,104.982474110417,55.4376737587173,53.0562322974738,2010.8847082665,2013.26614972774,48150000
252,41,5.53055631851692,11.9670586020751,104.928494083935,12.0914088426464,105.051147611017,59.3331678665937,53.8026115480767,2011.6310875171,2017.16164383562,48150000
252,253,0.952658210924049,11.9670586020751,104.928494083935,11.8673528153882,104.917212022122,54.7552697590008,53.8026115480767,2011.6310875171,2012.58374572802,48150000
253,255,0.148661915392988,11.8673528153882,104.917212022122,11.8420021534125,104.932761181298,54.9039316743938,54.7552697590008,2012.58374572802,2012.73240764342,48150000
253,254,1.54793489894107,11.8673528153882,104.917212022122,11.8546056777911,104.924872383121,56.3032046579419,54.7552697590008,2012.58374572802,2014.13168062696,48150000
254,43,0.268319373035534,11.8546056777911,104.924872383121,11.8839729266742,104.91670757395,56.5715240309774,56.3032046579419,2014.13168062696,2014.4,48150000
254,42,0.862839920980728,11.8546056777911,104.924872383121,11.8875356558698,104.915393409163,57.1660445789226,56.3032046579419,2014.13168062696,2014.99452054795,48150000
255,45,2.21005811000811,11.8420021534125,104.932761181298,11.8831657310695,104.802738039725,57.1139897844019,54.9039316743938,2012.73240764342,2014.94246575342,48150000
255,44,0.462112904528627,11.8420021534125,104.932761181298,11.8405306171627,104.980215319973,55.3660445789224,54.9039316743938,2012.73240764342,2013.19452054795,48150000
256,258,1.02099781824624,11.9314206944114,104.982474110417,12.0175677492781,105.111136058865,56.4586715769636,55.4376737587173,2013.26614972774,2014.28714754599,48150000
256,257,0.848808163996701,11.9314206944114,104.982474110417,11.8404120716305,104.984319731765,56.286481922714,55.4376737587173,2013.26614972774,2014.11495789174,48150000
257,47,1.44394621785237,11.8404120716305,104.984319731765,11.8512040247921,105.065783159964,57.7304281405664,56.286481922714,2014.11495789174,2015.55890410959,48150000
257,46,0.578192793194701,11.8404120716305,104.984319731765,11.7951864007816,104.978924291398,56.8646747159087,56.286481922714,2014.11495789174,2014.69315068493,48150000
258,260,0.089077380763956,12.0175677492781,105.111136058865,12.0057352011657,105.117150687219,56.5477489577275,56.4586715769636,2014.28714754599,2014.37622492675,48150000
258,259,1.52044220919257,12.0175677492781,105.111136058865,11.9368202028061,105.097999316962,57.9791137861561,56.4586715769636,2014.28714754599,2015.80758975518,48150000
259,48,0.591317348646364,11.9368202028061,105.097999316962,11.7458726055807,105.010361600927,58.5704311348025,57.9791137861561,2015.80758975518,2016.39890710383,48150000
259,49,0.954705326788464,11.9368202028061,105.097999316962,12.0527612663598,105.160605664678,58.9338191129446,57.9791137861561,2015.80758975518,2016.76229508197,48150000
260,51,0.500487402016884,12.0057352011657,105.117150687219,12.0274525979341,104.940246993862,57.0482363597444,56.5477489577275,2014.37622492675,2014.87671232877,48150000
260,50,0.429254525304682,12.0057352011657,105.117150687219,12.024302869554,105.142141303189,56.9770034830322,56.5477489577275,2014.37622492675,2014.80547945205,48150000
261,53,2.47777979671055,11.5939984569412,104.726713153157,11.7734270211288,104.749645427095,56.1085103323472,53.6307305356366,2011.45920650466,2013.93698630137,48150000
261,52,1.71887568712142,11.5939984569412,104.726713153157,11.7416588234192,104.539897734938,55.349606222758,53.6307305356366,2011.45920650466,2013.17808219178,48150000
262,54,2.40115582164409,11.9858911221266,105.06360372456,11.715527144667,104.847364491039,55.177003483032,52.7758476613879,2010.60432363041,2013.00547945205,48150000
262,263,0.885305559762274,11.9858911221266,105.06360372456,11.9319400948832,105.114017983256,53.6611532211502,52.7758476613879,2010.60432363041,2011.48962919017,48150000
263,56,3.43913793311467,11.9319400948832,105.114017983256,11.9363315514479,105.092474038394,57.1002911542649,53.6611532211502,2011.48962919017,2014.92876712329,48150000
263,55,2.3432475221558,11.9319400948832,105.114017983256,11.8520912664661,105.094309372854,56.004400743306,53.6611532211502,2011.48962919017,2013.83287671233,48150000
264,57,4.65950603065762,12.0622537123387,105.110860647767,12.0537821675092,105.078621803518,57.0537158117991,52.3942097811415,2010.22268575016,2014.88219178082,48150000
264,265,1.38102315862044,12.0622537123387,105.110860647767,12.1254361960836,105.123226831417,53.7752329397619,52.3942097811415,2010.22268575016,2011.60370890878,48150000
265,58,3.99355136518792,12.1254361960836,105.123226831417,11.903450545177,105.13509000154,57.7687843049498,53.7752329397619,2011.60370890878,2015.59726027397,48150000
265,59,1.34164628247216,12.1254361960836,105.123226831417,12.1948933132659,105.106931107614,55.1168792222341,53.7752329397619,2011.60370890878,2012.94535519126,48150000
266,267,2.06260584682805,12.1424676181063,105.177224746659,11.9320977500981,105.438912652743,51.3188412837046,49.2562354368765,2007.0847114059,2009.14731725273,48150000
266,60,7.94542558040219,12.1424676181063,105.177224746659,12.2297833246655,105.14392349146,57.2016610172787,49.2562354368765,2007.0847114059,2015.0301369863,48150000
267,61,6.50473754179335,11.9320977500981,105.438912652743,12.2994854606809,105.669065651994,57.8235788254979,51.3188412837046,2009.14731725273,2015.65205479452,48150000
267,268,2.8532047041924,11.9320977500981,105.438912652743,11.891996037408,105.452309540221,54.172045987897,51.3188412837046,2009.14731725273,2012.00052195692,48150000
268,269,4.7661205403254,11.891996037408,105.452309540221,11.8929306761941,105.11344113837,58.9381665282224,54.172045987897,2012.00052195692,2016.76664249725,48150000
268,62,5.35564242664203,11.891996037408,105.452309540221,11.9908010986638,105.458875924966,59.527688414539,54.172045987897,2012.00052195692,2017.35616438356,48150000
269,64,0.408699968508313,11.8929306761941,105.11344113837,11.9621739454502,105.163064442339,59.3468664967307,58.9381665282224,2016.76664249725,2017.17534246575,48150000
269,63,0.970343804124764,11.8929306761941,105.11344113837,11.9620274889883,105.163395812901,59.9085103323471,58.9381665282224,2016.76664249725,2017.73698630137,48150000
270,271,1.72674346873003,12.1072357110781,105.067644468587,12.1815530583483,105.10425799718,47.1648440928349,45.4381006241049,2003.26657659313,2004.99332006186,48150000
270,73,12.1087658726258,12.1072357110781,105.067644468587,12.0156116059715,105.017767109214,57.5468664967307,45.4381006241049,2003.26657659313,2015.37534246575,48150000
271,272,7.73806899449333,12.1815530583483,105.10425799718,12.5198154647828,105.102156502641,54.9029130873283,47.1648440928349,2004.99332006186,2012.73138905635,48150000
271,274,6.37731048900838,12.1815530583483,105.10425799718,12.2646621951258,105.017896097347,53.5421545818433,47.1648440928349,2004.99332006186,2011.37063055087,48150000
272,65,1.09600820392303,12.5198154647828,105.102156502641,12.4884101126768,105.139288612322,55.9989212912513,54.9029130873283,2012.73138905635,2013.82739726027,48150000
272,273,0.330269881150089,12.5198154647828,105.102156502641,12.4689005269562,105.126792549099,55.2331829684783,54.9029130873283,2012.73138905635,2013.0616589375,48150000
273,66,0.801354761129037,12.4689005269562,105.126792549099,12.4562918750064,105.114288203131,56.0345377296074,55.2331829684783,2013.0616589375,2013.86301369863,48150000
273,67,1.62327256934831,12.4689005269562,105.126792549099,12.3627387192812,105.096806760004,56.8564555378266,55.2331829684783,2013.0616589375,2014.68493150685,48150000
274,72,6.49512287379143,12.2646621951258,105.017896097347,12.1758541159538,105.321044847548,60.0372774556347,53.5421545818433,2011.37063055087,2017.86575342466,48150000
274,275,0.0918113295575393,12.2646621951258,105.017896097347,12.2494262142553,105.006247474318,53.6339659114008,53.5421545818433,2011.37063055087,2011.46244188042,48150000
275,276,0.529545926618511,12.2494262142553,105.006247474318,12.2735263121103,105.014892156534,54.1635118380194,53.6339659114008,2011.46244188042,2011.99198780704,48150000
275,71,5.88550332505584,12.2494262142553,105.006247474318,12.4073056501855,105.089766622185,59.5194692364567,53.6339659114008,2011.46244188042,2017.34794520548,48150000
276,277,0.920574506715153,12.2735263121103,105.014892156534,12.0289881092435,105.058106191006,55.0840863447345,54.1635118380194,2011.99198780704,2012.91256231376,48150000
276,70,3.96417657651953,12.2735263121103,105.014892156534,12.3735645207112,105.093462295924,58.1276884145389,54.1635118380194,2011.99198780704,2015.95616438356,48150000
277,69,3.88251965345582,12.0289881092435,105.058106191006,12.6976754282025,104.906310299888,58.9666059981903,55.0840863447345,2012.91256231376,2016.79508196721,48150000
277,68,3.80874916165273,12.0289881092435,105.058106191006,12.815656573305,105.168713915011,58.8928355063872,55.0840863447345,2012.91256231376,2016.72131147541,48150000
278,279,21.4195241974477,11.6755353757419,104.931582940817,11.9224914803987,105.232328479219,44.8145373649408,23.3950131674931,1981.22348913652,2002.64301333396,48150000
278,305,0.173814627408838,11.6755353757419,104.931582940817,11.7013554317866,104.882388150416,23.5688277949019,23.3950131674931,1981.22348913652,1981.39730376392,48150000
279,300,1.78321087608818,11.9224914803987,105.232328479219,12.1212721807571,105.216894337864,46.5977482410289,44.8145373649408,2002.64301333396,2004.42622421005,48150000
279,280,0.76880356417028,11.9224914803987,105.232328479219,11.5745487602742,105.441474519436,45.583340929111,44.8145373649408,2002.64301333396,2003.41181689813,48150000
280,281,8.17145663627726,11.5745487602742,105.441474519436,11.3956797578626,105.420075422753,53.7547975653883,45.583340929111,2003.41181689813,2011.58327353441,48150000
280,289,0.701523938297083,11.5745487602742,105.441474519436,11.5432849329005,105.39479785612,46.2848648674081,45.583340929111,2003.41181689813,2004.11334083643,48150000
281,74,4.07974016421903,11.3956797578626,105.420075422753,11.5144891447523,105.443031145452,57.8345377296073,53.7547975653883,2011.58327353441,2015.66301369863,48150000
281,282,0.657231905015794,11.3956797578626,105.420075422753,11.3802486723518,105.446978227941,54.4120294704041,53.7547975653883,2011.58327353441,2012.24050543943,48150000
282,283,0.0903343745655594,11.3802486723518,105.446978227941,11.4012273367804,105.447887249872,54.5023638449697,54.4120294704041,2012.24050543943,2012.33083981399,48150000
282,82,4.41796450592834,11.3802486723518,105.446978227941,11.1387450561154,105.356460283662,58.8299939763324,54.4120294704041,2012.24050543943,2016.65846994536,48150000
283,81,0.992447857240586,11.4012273367804,105.447887249872,11.3362851790827,105.473362657822,55.4948117022102,54.5023638449697,2012.33083981399,2013.32328767123,48150000
283,284,1.08757944681966,11.4012273367804,105.447887249872,11.4102532614062,105.543455755429,55.5899432917893,54.5023638449697,2012.33083981399,2013.41841926081,48150000
284,288,0.401559510611571,11.4102532614062,105.543455755429,11.4369093707043,105.584596290895,55.9915028024009,55.5899432917893,2013.41841926081,2013.81997877142,48150000
284,285,0.609008114158377,11.4102532614062,105.543455755429,11.3192935205482,105.555301626926,56.1989514059477,55.5899432917893,2013.41841926081,2014.02742737497,48150000
285,78,2.35235404579468,11.3192935205482,105.555301626926,11.3898761519057,105.588957520377,58.5513054517424,56.1989514059477,2014.02742737497,2016.37978142077,48150000
285,286,0.103954282045974,11.3192935205482,105.555301626926,11.2863158078734,105.528330708949,56.3029056879937,56.1989514059477,2014.02742737497,2014.13138165702,48150000
286,77,1.07409779503838,11.2863158078734,105.528330708949,11.3446115757029,105.451995898418,57.3770034830321,56.3029056879937,2014.13138165702,2015.20547945205,48150000
286,287,0.108775136650189,11.2863158078734,105.528330708949,11.3327297977285,105.491886192312,56.4116808246439,56.3029056879937,2014.13138165702,2014.24015679367,48150000
287,76,0.847514439210236,11.3327297977285,105.491886192312,11.3435707080265,105.513358471832,57.2591952638541,56.4116808246439,2014.24015679367,2015.08767123288,48150000
287,75,0.702308959758021,11.3327297977285,105.491886192312,11.2572709219306,105.386371692566,57.1139897844019,56.4116808246439,2014.24015679367,2014.94246575342,48150000
288,79,1.50330889980935,11.4369093707043,105.584596290895,11.4486207482872,105.517608269954,57.4948117022102,55.9915028024009,2013.81997877142,2015.32328767123,48150000
288,80,2.90406494442348,11.4369093707043,105.584596290895,11.3495002846686,105.672333736296,58.8955677468244,55.9915028024009,2013.81997877142,2016.72404371585,48150000
289,290,0.799596285713871,11.5432849329005,105.39479785612,11.4832209582578,105.404862991294,47.084461153122,46.2848648674081,2004.11334083643,2004.91293712214,48150000
289,294,2.96900141110194,11.5432849329005,105.39479785612,11.5022554410264,105.380736040373,49.2538662785101,46.2848648674081,2004.11334083643,2007.08234224753,48150000
290,292,5.06828023946019,11.4832209582578,105.404862991294,11.6000609653937,105.525261385727,52.1527413925822,47.084461153122,2004.91293712214,2009.9812173616,48150000
290,291,6.06627076484589,11.4832209582578,105.404862991294,11.4205642291974,105.471153770836,53.1507319179679,47.084461153122,2004.91293712214,2010.97920788699,48150000
291,83,1.04811451738089,11.4205642291974,105.471153770836,11.2909567425241,105.439587930347,54.1988464353488,53.1507319179679,2010.97920788699,2012.02732240437,48150000
291,84,4.99065512670802,11.4205642291974,105.471153770836,11.3307000397135,105.626801400983,58.1413870446759,53.1507319179679,2010.97920788699,2015.9698630137,48150000
292,293,2.31339334235714,11.6000609653937,105.525261385727,11.5415326163012,105.45911501709,54.4661347349393,52.1527413925822,2009.9812173616,2012.29461070396,48150000
292,87,5.62974154250468,11.6000609653937,105.525261385727,11.3759179478146,105.524295534045,57.7824829350869,52.1527413925822,2009.9812173616,2015.61095890411,48150000
293,85,1.3273071042572,11.5415326163012,105.45911501709,11.5874913553508,105.422407366143,55.7934418391965,54.4661347349393,2012.29461070396,2013.62191780822,48150000
293,86,1.69443039192832,11.5415326163012,105.45911501709,11.5001299657879,105.441835005408,56.1605651268676,54.4661347349393,2012.29461070396,2013.98904109589,48150000
294,295,3.81677749809706,11.5022554410264,105.380736040373,11.2818954488749,105.414305037983,53.0706437766071,49.2538662785101,2007.08234224753,2010.89911974563,48150000
294,299,5.28616748147361,11.5022554410264,105.380736040373,11.7662244059894,105.256046071293,54.5400337599837,49.2538662785101,2007.08234224753,2012.36850972901,48150000
295,296,4.76971497102699,11.2818954488749,105.414305037983,11.1789266409744,105.491284618259,57.8403587476341,53.0706437766071,2010.89911974563,2015.66883471666,48150000
295,88,3.24882545984951,11.2818954488749,105.414305037983,11.3667679479711,105.480735774568,56.3194692364566,53.0706437766071,2010.89911974563,2014.14794520548,48150000
296,89,1.37226117375422,11.1789266409744,105.491284618259,11.021003803905,105.916730018306,59.2126199213883,57.8403587476341,2015.66883471666,2017.04109589041,48150000
296,297,0.781899092160326,11.1789266409744,105.491284618259,11.1445547794675,105.488766304781,58.6222578397944,57.8403587476341,2015.66883471666,2016.45073380882,48150000
297,90,0.845156602141771,11.1445547794675,105.488766304781,11.1954643239765,105.54451309404,59.4674144419362,58.6222578397944,2016.45073380882,2017.29589041096,48150000
297,298,1.37724186655613,11.1445547794675,105.488766304781,11.3087838337542,105.646241423096,59.9994997063506,58.6222578397944,2016.45073380882,2017.82797567537,48150000
298,91,0.139147612297983,11.3087838337542,105.646241423096,11.3091366050293,105.648852722989,60.1386473186486,59.9994997063506,2017.82797567537,2017.96712328767,48150000
298,92,0.0596955575034816,11.3087838337542,105.646241423096,11.3096319336594,105.648955293996,60.0591952638541,59.9994997063506,2017.82797567537,2017.88767123288,48150000
299,94,0.366462948589195,11.7662244059894,105.256046071293,11.7233524803802,105.218272929474,54.9064967085729,54.5400337599837,2012.36850972901,2012.7349726776,48150000
299,93,4.58230994312466,11.7662244059894,105.256046071293,10.9651587749092,105.86265387825,59.1223437031083,54.5400337599837,2012.36850972901,2016.95081967213,48150000
300,301,2.06478725420386,12.1212721807571,105.216894337864,12.213086474946,105.148189002576,48.6625354952328,46.5977482410289,2004.42622421005,2006.49101146426,48150000
300,95,8.07924027082261,12.1212721807571,105.216894337864,12.015954789318,105.237062894505,54.6769885118515,46.5977482410289,2004.42622421005,2012.50546448087,48150000
301,304,4.86524396682134,12.213086474946,105.148189002576,12.2214075338684,105.20360769887,53.5277794620541,48.6625354952328,2006.49101146426,2011.35625543108,48150000
301,302,3.75477021805146,12.213086474946,105.148189002576,12.2191860491613,105.132107278228,52.4173057132843,48.6625354952328,2006.49101146426,2010.24578168231,48150000
302,98,1.83345329037061,12.2191860491613,105.132107278228,12.3478570753281,105.131882967047,54.2507590036549,52.4173057132843,2010.24578168231,2012.07923497268,48150000
302,303,0.510908055730486,12.2191860491613,105.132107278228,12.3157738741113,105.138884258188,52.9282137690147,52.4173057132843,2010.24578168231,2010.75668973804,48150000
303,97,1.37992228382046,12.3157738741113,105.138884258188,12.2432244352537,105.138266962973,54.3081360528352,52.9282137690147,2010.75668973804,2012.13661202186,48150000
303,96,3.08714587840091,12.3157738741113,105.138884258188,12.1854423347737,105.129835033526,56.0153596474157,52.9282137690147,2010.75668973804,2013.84383561644,48150000
304,100,2.00538840453957,12.2214075338684,105.20360769887,11.8945073522558,105.133496995627,55.5331678665937,53.5277794620541,2011.35625543108,2013.36164383562,48150000
304,99,2.553333610019,12.2214075338684,105.20360769887,12.187181908254,105.187114634029,56.0811130720731,53.5277794620541,2011.35625543108,2013.9095890411,48150000
305,202,17.6739291127878,11.7013554317866,104.882388150416,11.256,105.278,41.2427569076897,23.5688277949019,1981.39730376392,1999.07123287671,48150000
305,306,1.87500092074686,11.7013554317866,104.882388150416,11.8088571966186,104.730282727807,25.4438287156488,23.5688277949019,1981.39730376392,1983.27230468467,48150000
306,101,15.5441336714929,11.8088571966186,104.730282727807,11.43,104.692,40.9879623871416,25.4438287156488,1983.27230468467,1998.81643835616,48150000
306,307,2.46470759489294,11.8088571966186,104.730282727807,11.2380253418486,104.703199544671,27.9085363105417,25.4438287156488,1983.27230468467,1985.73701227956,48150000
307,383,11.518907643939,11.2380253418486,104.703199544671,11.8833860603075,104.727308448447,39.4274439544807,27.9085363105417,1985.73701227956,1997.2559199235,48150000
307,308,6.21738669905034,11.2380253418486,104.703199544671,11.0466558603326,104.529275294934,34.125923009592,27.9085363105417,1985.73701227956,1991.95439897861,48150000
308,309,0.429636396891311,11.0466558603326,104.529275294934,11.0155006750155,104.644697279263,34.5555594064834,34.125923009592,1991.95439897861,1992.38403537551,48150000
308,376,3.17173182786562,11.0466558603326,104.529275294934,11.0180529468972,104.450744510247,37.2976548374577,34.125923009592,1991.95439897861,1995.12613080648,48150000
309,310,7.62054840992734,11.0155006750155,104.644697279263,11.2616478373396,104.777319507818,42.1761078164107,34.5555594064834,1992.38403537551,2000.00458378543,48150000
309,169,6.53651256969944,11.0155006750155,104.644697279263,11.8905724095471,104.711693527202,41.0920719761828,34.5555594064834,1992.38403537551,1998.92054794521,48150000
310,352,0.28239990960979,11.2616478373396,104.777319507818,11.30177550294,104.782758073116,42.4585077260205,42.1761078164107,2000.00458378543,2000.28698369504,48150000
310,311,0.4100362783227,11.2616478373396,104.777319507818,11.2106688469475,104.73815103291,42.5861440947334,42.1761078164107,2000.00458378543,2000.41462006376,48150000
311,351,10.6436479609383,11.2106688469475,104.73815103291,11.1419150743028,104.643014804326,53.2297920556717,42.5861440947334,2000.41462006376,2011.05826802469,48150000
311,312,4.69950841826054,11.2106688469475,104.73815103291,11.1570728405759,104.67010117757,47.2856525129939,42.5861440947334,2000.41462006376,2005.11412848202,48150000
312,345,0.531746740722037,11.1570728405759,104.67010117757,11.1705672660353,104.650801564009,47.817399253716,47.2856525129939,2005.11412848202,2005.64587522274,48150000
312,313,4.7993712091219,11.1570728405759,104.67010117757,10.9204423513762,104.812788252946,52.0850237221158,47.2856525129939,2005.11412848202,2009.91349969114,48150000
313,134,4.56595236365605,10.9204423513762,104.812788252946,10.7690174113134,104.501917614594,56.6509760857719,52.0850237221158,2009.91349969114,2014.47945205479,48150000
313,314,0.431086138024974,10.9204423513762,104.812788252946,11.2445713900435,104.748487678472,52.5161098601408,52.0850237221158,2009.91349969114,2010.34458582916,48150000
314,335,1.07949551705727,11.2445713900435,104.748487678472,11.2271553810707,104.686656245127,53.5956053771981,52.5161098601408,2010.34458582916,2011.42408134622,48150000
314,315,0.343128473293015,11.2445713900435,104.748487678472,11.1885476396847,104.737946885913,52.8592383334338,52.5161098601408,2010.34458582916,2010.68771430246,48150000
315,316,0.0120915161205355,11.1885476396847,104.737946885913,11.1939828824124,104.719127551953,52.8713298495544,52.8592383334338,2010.68771430246,2010.69980581858,48150000
315,333,1.00869230428041,11.1885476396847,104.737946885913,11.0443820552011,104.870963283439,53.8679306377142,52.8592383334338,2010.68771430246,2011.69640660674,48150000
316,318,0.82280614612803,11.1939828824124,104.719127551953,11.0683532195201,104.574457548433,53.6941359956824,52.8713298495544,2010.69980581858,2011.5226119647,48150000
316,317,4.05138017577966,11.1939828824124,104.719127551953,11.3031403396164,104.635598157382,56.922710025334,52.8713298495544,2010.69980581858,2014.75118599436,48150000
317,103,2.41045784125963,11.3031403396164,104.635598157382,11.6683315419552,104.64543862611,59.3331678665937,56.922710025334,2014.75118599436,2017.16164383562,48150000
317,102,1.76520744826626,11.3031403396164,104.635598157382,11.4947943192237,104.667040065645,58.6879174736003,56.922710025334,2014.75118599436,2016.51639344262,48150000
318,319,0.845443333175293,11.0683532195201,104.574457548433,10.7275087794626,104.444281441533,54.5395793288577,53.6941359956824,2011.5226119647,2012.36805529788,48150000
318,321,2.14827729061559,11.0683532195201,104.574457548433,11.0729603197424,104.564159486519,55.842413286298,53.6941359956824,2011.5226119647,2013.67088925532,48150000
319,320,0.998364029173868,10.7275087794626,104.444281441533,10.8749174132674,104.485609997647,55.5379433580316,54.5395793288577,2012.36805529788,2013.36641932705,48150000
319,106,0.859341962393682,10.7275087794626,104.444281441533,10.7110336645016,104.436042921783,55.3989212912514,54.5395793288577,2012.36805529788,2013.22739726027,48150000
320,105,1.85823820719223,10.8749174132674,104.485609997647,10.8977137921641,104.450902186969,57.3961815652238,55.5379433580316,2013.36641932705,2015.22465753425,48150000
320,104,4.57878615239768,10.8749174132674,104.485609997647,10.782686403217,104.356717578271,60.1167295104292,55.5379433580316,2013.36641932705,2017.94520547945,48150000
321,326,0.466758971700552,11.0729603197424,104.564159486519,11.122949756798,104.617641735131,56.3091722579985,55.842413286298,2013.67088925532,2014.13764822702,48150000
321,322,0.798875696246172,11.0729603197424,104.564159486519,11.08729850566,104.593775780422,56.6412889825442,55.842413286298,2013.67088925532,2014.46976495157,48150000
322,323,1.02104208073983,11.08729850566,104.593775780422,11.2004188785223,104.565457241078,57.662331063284,56.6412889825442,2014.46976495157,2015.49080703231,48150000
322,107,1.03982408952912,11.08729850566,104.593775780422,11.1720178122511,104.504264832603,57.6811130720733,56.6412889825442,2014.46976495157,2015.5095890411,48150000
323,108,0.845258541463693,11.2004188785223,104.565457241078,11.0519505988277,104.955934866699,58.5075896047477,57.662331063284,2015.49080703231,2016.33606557377,48150000
323,324,0.486864183514779,11.2004188785223,104.565457241078,11.2084936324214,104.579991544024,58.1491952467988,57.662331063284,2015.49080703231,2015.97767121582,48150000
324,111,1.66068494856213,11.2084936324214,104.579991544024,11.1995803728805,104.513890658558,59.8098801953609,58.1491952467988,2015.97767121582,2017.63835616438,48150000
324,325,0.377367376065851,11.2084936324214,104.579991544024,11.1818556449953,104.535359357553,58.5265626228646,58.1491952467988,2015.97767121582,2016.35503859189,48150000
325,109,0.59851332068108,11.1818556449953,104.535359357553,11.1460131115298,104.618913641357,59.1250759435457,58.5265626228646,2016.35503859189,2016.95355191257,48150000
325,110,0.344414960025164,11.1818556449953,104.535359357553,11.2054296537807,104.559277636715,58.8709775828898,58.5265626228646,2016.35503859189,2016.69945355191,48150000
326,332,0.082505431733539,11.122949756798,104.617641735131,11.1489289474889,104.622134541544,56.3916776897321,56.3091722579985,2014.13764822702,2014.22015365875,48150000
326,327,0.559668443146676,11.122949756798,104.617641735131,11.1933180210364,104.766139867074,56.8688407011452,56.3091722579985,2014.13764822702,2014.69731667017,48150000
327,112,1.81361229158082,11.1933180210364,104.766139867074,11.1369395107142,104.871640349638,58.682452992726,56.8688407011452,2014.69731667017,2016.51092896175,48150000
327,328,0.894922786041882,11.1933180210364,104.766139867074,11.3037955093567,104.760648892975,57.7637634871871,56.8688407011452,2014.69731667017,2015.59223945621,48150000
328,113,1.28754196455529,11.3037955093567,104.760648892975,11.3329087617714,104.72372570811,59.0513054517424,57.7637634871871,2015.59223945621,2016.87978142077,48150000
328,329,0.584895065755074,11.3037955093567,104.760648892975,11.4305646240838,104.755112449796,58.3486585529422,57.7637634871871,2015.59223945621,2016.17713452196,48150000
329,330,0.492814261130574,11.4305646240838,104.755112449796,11.3967579401836,104.715000950115,58.8414728140727,58.3486585529422,2016.17713452196,2016.6699487831,48150000
329,117,0.139805368745404,11.4305646240838,104.755112449796,11.4022718675942,104.762863591695,58.4884639216876,58.3486585529422,2016.17713452196,2016.31693989071,48150000
330,331,0.0276768275498374,11.3967579401836,104.715000950115,11.3194591824281,104.682430654405,58.8691496416226,58.8414728140727,2016.6699487831,2016.69762561065,48150000
330,114,0.0458982114400244,11.3967579401836,104.715000950115,11.4011588021019,104.711542052549,58.8873710255128,58.8414728140727,2016.6699487831,2016.71584699454,48150000
331,116,0.861278498943812,11.3194591824281,104.682430654405,11.3524712757449,104.688413328881,59.7304281405664,58.8691496416226,2016.69762561065,2017.55890410959,48150000
331,115,0.182155810119803,11.3194591824281,104.682430654405,11.3050699346149,104.676808976048,59.0513054517424,58.8691496416226,2016.69762561065,2016.87978142077,48150000
332,119,2.18148568550754,11.1489289474889,104.622134541544,11.1948586053272,104.566117576339,58.5731633752396,56.3916776897321,2014.22015365875,2016.40163934426,48150000
332,118,2.52301574015241,11.1489289474889,104.622134541544,11.1295133399734,104.70364388137,58.9146934298845,56.3916776897321,2014.22015365875,2016.74316939891,48150000
333,120,0.481189021678299,11.0443820552011,104.870963283439,11.0777375871838,104.923801778356,54.3491196593925,53.8679306377142,2011.69640660674,2012.17759562842,48150000
333,334,0.860638055522022,11.0443820552011,104.870963283439,11.1807554769675,104.803813822785,54.7285686932363,53.8679306377142,2011.69640660674,2012.55704466226,48150000
334,122,2.86487314596021,11.1807554769675,104.803813822785,11.256138728651,104.633693833318,57.5934418391965,54.7285686932363,2012.55704466226,2015.42191780822,48150000
334,121,1.75528410486432,11.1807554769675,104.803813822785,11.2179575294598,104.824207768595,56.4838527981006,54.7285686932363,2012.55704466226,2014.31232876712,48150000
335,336,0.0661903347478594,11.2271553810707,104.686656245127,11.242243076909,104.698930907206,53.6617957119459,53.5956053771981,2011.42408134622,2011.49027168097,48150000
335,344,0.491268286620276,11.2271553810707,104.686656245127,11.2241906630594,104.698884058947,54.0868736638184,53.5956053771981,2011.42408134622,2011.91534963284,48150000
336,337,0.0682027812221131,11.242243076909,104.698930907206,11.2357514198273,104.695846848394,53.7299984931681,53.6617957119459,2011.49027168097,2011.55847446219,48150000
336,123,1.38404525892196,11.242243076909,104.698930907206,11.1379700452815,104.661554371835,55.0458409708679,53.6617957119459,2011.49027168097,2012.87431693989,48150000
337,338,0.407081164135238,11.2357514198273,104.695846848394,11.2103074894825,104.708277046631,54.1370796573033,53.7299984931681,2011.55847446219,2011.96555562633,48150000
337,341,1.48034148689896,11.2357514198273,104.695846848394,11.2876237035898,104.756898487549,55.210339980067,53.7299984931681,2011.55847446219,2013.03881594909,48150000
338,127,2.71937588052336,11.2103074894825,104.708277046631,11.7922329493165,104.941344808845,56.8564555378266,54.1370796573033,2011.96555562633,2014.68493150685,48150000
338,339,0.815607295864185,11.2103074894825,104.708277046631,11.2093456421182,104.671645936763,54.9526869531675,54.1370796573033,2011.96555562633,2012.78116292219,48150000
339,126,2.96130283123459,11.2093456421182,104.671645936763,11.4210728017205,104.859926979922,57.9139897844021,54.9526869531675,2012.78116292219,2015.74246575342,48150000
339,340,0.174191867155321,11.2093456421182,104.671645936763,11.2339113051944,104.691960043273,55.1268788203228,54.9526869531675,2012.78116292219,2012.95535478935,48150000
340,125,0.513138361339434,11.2339113051944,104.691960043273,11.2467514936048,104.698247709787,55.6400171816622,55.1268788203228,2012.95535478935,2013.46849315068,48150000
340,124,1.11861781339429,11.2339113051944,104.691960043273,11.2369173110933,104.645682454911,56.2454966337171,55.1268788203228,2012.95535478935,2014.07397260274,48150000
341,128,0.0762525440608872,11.2876237035898,104.756898487549,11.2909140139119,104.759803438987,55.2865925241279,55.210339980067,2013.03881594909,2013.11506849315,48150000
341,342,2.25625987173313,11.2876237035898,104.756898487549,11.1865859722969,104.907203622369,57.4665998518001,55.210339980067,2013.03881594909,2015.29507582082,48150000
342,131,2.28300637095798,11.1865859722969,104.907203622369,10.9934926102461,104.977555291688,59.7496062227581,57.4665998518001,2015.29507582082,2017.57808219178,48150000
342,343,0.42470187176548,11.1865859722969,104.907203622369,11.1707238621451,104.919949711678,57.8913017235656,57.4665998518001,2015.29507582082,2015.71977769259,48150000
343,129,0.425031050581185,11.1707238621451,104.919949711678,11.0953610184503,104.952082523586,58.3163327741468,57.8913017235656,2015.71977769259,2016.14480874317,48150000
343,130,1.97611271837069,11.1707238621451,104.919949711678,11.1986750388156,104.856114500024,59.8674144419363,57.8913017235656,2015.71977769259,2017.69589041096,48150000
344,132,0.221262389016839,11.2241906630594,104.698884058947,11.2738642340778,104.680600415004,54.3081360528352,54.0868736638184,2011.91534963284,2012.13661202186,48150000
344,133,0.568256924535955,11.2241906630594,104.698884058947,11.123709158709,104.756159304254,54.6551305883543,54.0868736638184,2011.91534963284,2012.48360655738,48150000
345,346,4.8617737985301,11.1705672660353,104.650801564009,11.238282589605,104.579256744282,52.6791730522461,47.817399253716,2005.64587522274,2010.50764902127,48150000
345,135,7.37330285945305,11.1705672660353,104.650801564009,10.9607482375626,104.441020849578,55.190702113169,47.817399253716,2005.64587522274,2013.01917808219,48150000
346,141,5.29783043078612,11.238282589605,104.579256744282,10.6628420318554,104.562043837287,57.9770034830322,52.6791730522461,2010.50764902127,2015.80547945205,48150000
346,347,0.621979406549472,11.238282589605,104.579256744282,11.2285979383299,104.569968563773,53.3011524587955,52.6791730522461,2010.50764902127,2011.12962842782,48150000
347,348,1.33406031543002,11.2285979383299,104.569968563773,11.2290231310293,104.616483897529,54.6352127742256,53.3011524587955,2011.12962842782,2012.46368874325,48150000
347,140,0.993322391853794,11.2285979383299,104.569968563773,11.4026256598909,104.787942660628,54.2944748506493,53.3011524587955,2011.12962842782,2012.12295081967,48150000
348,349,0.628897093187356,11.2290231310293,104.616483897529,11.2202755067897,104.618866527127,55.2641098674129,54.6352127742256,2012.46368874325,2013.09258583644,48150000
348,136,0.566448243053116,11.2290231310293,104.616483897529,11.2296679250205,104.598641363138,55.2016610172787,54.6352127742256,2012.46368874325,2013.0301369863,48150000
349,350,0.0539189501171942,11.2202755067897,104.618866527127,11.1970677011596,104.619351244955,55.3180288175301,55.2641098674129,2013.09258583644,2013.14650478655,48150000
349,139,0.964948410139788,11.2202755067897,104.618866527127,11.1896237764379,104.554795083495,56.2290582775527,55.2641098674129,2013.09258583644,2014.05753424658,48150000
350,137,2.05623493947458,11.1970677011596,104.619351244955,11.1167395589306,104.825898690387,57.3742637570047,55.3180288175301,2013.14650478655,2015.20273972603,48150000
350,138,1.11924863810471,11.1970677011596,104.619351244955,11.1388317027333,104.706940506412,56.4372774556348,55.3180288175301,2013.14650478655,2014.26575342466,48150000
351,143,1.80511995344767,11.1419150743028,104.643014804326,11.1539775445892,104.463220577136,55.0349120091194,53.2297920556717,2011.05826802469,2012.86338797814,48150000
351,142,3.13899224927826,11.1419150743028,104.643014804326,10.7189449718285,104.59809548235,56.36878430495,53.2297920556717,2011.05826802469,2014.19726027397,48150000
352,353,3.19111341315441,11.30177550294,104.782758073116,11.3199269807643,104.719291422812,45.6496211391749,42.4585077260205,2000.28698369504,2003.4780971082,48150000
352,368,4.46075096775083,11.30177550294,104.782758073116,11.3867992021028,104.772352806072,46.9192586937713,42.4585077260205,2000.28698369504,2004.74773466279,48150000
353,354,6.75822185707533,11.3199269807643,104.719291422812,11.4757070860699,104.606747295383,52.4078429962502,45.6496211391749,2003.4780971082,2010.23631896527,48150000
353,359,0.278642739685937,11.3199269807643,104.719291422812,11.2733758342649,104.668142464466,45.9282638788608,45.6496211391749,2003.4780971082,2003.75673984788,48150000
354,355,0.405729684625364,11.4757070860699,104.606747295383,11.4442465274412,104.604320794564,52.8135726808756,52.4078429962502,2010.23631896527,2010.6420486499,48150000
354,144,3.87874952787767,11.4757070860699,104.606747295383,11.7044951577024,104.59039093898,56.2865925241279,52.4078429962502,2010.23631896527,2014.11506849315,48150000
355,357,0.423468315486875,11.4442465274412,104.604320794564,11.4803195319572,104.6274646946,53.2370409963625,52.8135726808756,2010.6420486499,2011.06551696539,48150000
355,356,0.964267943141929,11.4442465274412,104.604320794564,11.8342085845905,104.793035947202,53.7778406240175,52.8135726808756,2010.6420486499,2011.60631659304,48150000
356,145,2.0512176535351,11.8342085845905,104.793035947202,11.6813181591346,104.701300386274,55.8290582775526,53.7778406240175,2011.60631659304,2013.65753424658,48150000
356,146,1.59094368093246,11.8342085845905,104.793035947202,11.8134198573935,104.774523283292,55.36878430495,53.7778406240175,2011.60631659304,2013.19726027397,48150000
357,358,3.76490704539205,11.4803195319572,104.6274646946,11.4167378961205,104.796201745005,57.0019480417545,53.2370409963625,2011.06551696539,2014.83042401078,48150000
357,149,1.13666882696467,11.4803195319572,104.6274646946,11.7184124249657,104.531154341158,54.3737098233271,53.2370409963625,2011.06551696539,2012.20218579235,48150000
358,147,1.80892025151781,11.4167378961205,104.796201745005,11.5108941423881,104.761516770871,58.8108682932723,57.0019480417545,2014.83042401078,2016.6393442623,48150000
358,148,0.435329413880316,11.4167378961205,104.796201745005,11.4235920741325,104.819636170185,57.4372774556348,57.0019480417545,2014.83042401078,2015.26575342466,48150000
359,360,4.65549484884345,11.2733758342649,104.668142464466,11.1917934722156,104.676938267444,50.5837587277043,45.9282638788608,2003.75673984788,2008.41223469673,48150000
359,159,9.74189028910279,11.2733758342649,104.668142464466,11.0996020754833,104.948721243159,55.6701541679636,45.9282638788608,2003.75673984788,2013.49863013699,48150000
360,150,4.22164508469379,11.1917934722156,104.676938267444,11.2110790862597,104.788431542415,54.8054038123981,50.5837587277043,2008.41223469673,2012.63387978142,48150000
360,361,1.29070230484928,11.1917934722156,104.676938267444,11.1634814607528,104.61513059586,51.8744610325536,50.5837587277043,2008.41223469673,2009.70293700158,48150000
361,362,0.542429160045595,11.1634814607528,104.61513059586,11.1903632303531,104.58790766249,52.4168901925992,51.8744610325536,2009.70293700158,2010.24536616162,48150000
361,366,2.63505832616371,11.1634814607528,104.61513059586,10.7496579064247,104.44094361228,54.5095193587173,51.8744610325536,2009.70293700158,2012.33799532774,48150000
362,363,0.243277041374554,11.1903632303531,104.58790766249,11.2040206145118,104.579199778411,52.6601672339737,52.4168901925992,2010.24536616162,2010.488643203,48150000
362,365,1.45085107319723,11.1903632303531,104.58790766249,11.1861872049627,104.70027039386,53.8677412657964,52.4168901925992,2010.24536616162,2011.69621723482,48150000
363,364,0.959080468076746,11.2040206145118,104.579199778411,11.1601111152719,104.616619756324,53.6192477020505,52.6601672339737,2010.488643203,2011.44772367107,48150000
363,153,1.56326936530966,11.2040206145118,104.579199778411,10.9820283413298,104.670657526029,54.2234365992834,52.6601672339737,2010.488643203,2012.05191256831,48150000
364,151,2.65090646591307,11.1601111152719,104.616619756324,11.2522531559776,104.65141717526,56.2701541679635,53.6192477020505,2011.44772367107,2014.09863013699,48150000
364,152,1.59337221933788,11.1601111152719,104.616619756324,11.2115805176073,104.585356546709,55.2126199213883,53.6192477020505,2011.44772367107,2013.04109589041,48150000
365,155,2.74487865559182,11.1861872049627,104.70027039386,11.224429892427,104.705663611629,56.6126199213882,53.8677412657964,2011.69621723482,2014.44109589041,48150000
365,154,0.374821016547101,11.1861872049627,104.70027039386,11.1411612344151,104.65252998851,54.2425622823435,53.8677412657964,2011.69621723482,2012.07103825137,48150000
366,367,2.82368498581358,10.7496579064247,104.44094361228,10.7143488600071,104.429252424527,57.3332043445309,54.5095193587173,2012.33799532774,2015.16168031355,48150000
366,158,3.89970959029273,10.7496579064247,104.44094361228,10.8031382259172,104.296393867268,58.40922894901,54.5095193587173,2012.33799532774,2016.23770491803,48150000
367,157,1.52684427661042,10.7143488600071,104.429252424527,10.7606784875076,104.399439660702,58.8600486211413,57.3332043445309,2015.16168031355,2016.68852459016,48150000
367,156,2.07667585082994,10.7143488600071,104.429252424527,10.7069310596011,104.616848849709,59.4098801953608,57.3332043445309,2015.16168031355,2017.23835616438,48150000
368,370,1.0375949237071,11.3867992021028,104.772352806072,11.4000965964103,104.892551267326,47.9568536174784,46.9192586937713,2004.74773466279,2005.7853295865,48150000
368,369,6.79520843022011,11.3867992021028,104.772352806072,11.7570677527189,104.773567786761,53.7144671239914,46.9192586937713,2004.74773466279,2011.54294309301,48150000
369,161,1.4242700217399,11.7570677527189,104.773567786761,11.9338412144484,104.723187438708,55.1387371457313,53.7144671239914,2011.54294309301,2012.96721311475,48150000
369,160,6.11185142753384,11.7570677527189,104.773567786761,11.473004180944,104.663398178151,59.8263185515253,53.7144671239914,2011.54294309301,2017.65479452055,48150000
370,162,7.11630975776121,11.4000965964103,104.892551267326,11.1200581461341,104.941510674562,55.0731633752396,47.9568536174784,2005.7853295865,2012.90163934426,48150000
370,371,1.95825188617004,11.4000965964103,104.892551267326,11.4509415673478,104.930797876177,49.9151055036484,47.9568536174784,2005.7853295865,2007.74358147267,48150000
371,372,3.10104372524943,11.4509415673478,104.930797876177,11.0711885002119,104.945530879604,53.0161492288979,49.9151055036484,2007.74358147267,2010.84462519792,48150000
371,168,7.99888428075361,11.4509415673478,104.930797876177,11.4912954907086,105.10025766356,57.9139897844021,49.9151055036484,2007.74358147267,2015.74246575342,48150000
372,167,1.34116715180626,11.0711885002119,104.945530879604,11.1663874863508,104.874127831527,54.3573163807041,53.0161492288979,2010.84462519792,2012.18579234973,48150000
372,373,0.348824124036997,11.0711885002119,104.945530879604,11.0756160969757,104.935947719992,53.3649733529349,53.0161492288979,2010.84462519792,2011.19344932196,48150000
373,375,0.881853728469886,11.0756160969757,104.935947719992,11.1369111185396,104.937540118637,54.2468270814048,53.3649733529349,2011.19344932196,2012.07530305043,48150000
373,374,0.603416625777702,11.0756160969757,104.935947719992,11.2678317112606,104.890380799944,53.9683899787126,53.3649733529349,2011.19344932196,2011.79686594774,48150000
374,163,1.05286082822095,11.2678317112606,104.890380799944,11.1501076626455,104.895556529535,55.0212508069335,53.9683899787126,2011.79686594774,2012.84972677596,48150000
374,164,5.24422994267575,11.2678317112606,104.890380799944,10.924763055832,104.440722242626,59.2126199213883,53.9683899787126,2011.79686594774,2017.04109589041,48150000
375,166,1.13291612765464,11.1369111185396,104.937540118637,11.1144155088076,104.945650934762,55.3797432090594,54.2468270814048,2012.07530305043,2013.20821917808,48150000
375,165,1.96031338792863,11.1369111185396,104.937540118637,12.2905070818665,106.326142283467,56.2071404693334,54.2468270814048,2012.07530305043,2014.03561643836,48150000
376,377,0.0481910861886945,11.0180529468972,104.450744510247,11.0424103600989,104.450736540311,37.3458459236464,37.2976548374577,1995.12613080648,1995.17432189267,48150000
376,381,1.75921158375733,11.0180529468972,104.450744510247,10.8252745900129,104.429128273975,39.056866421215,37.2976548374577,1995.12613080648,1996.88534239024,48150000
377,378,10.9845130406837,11.0424103600989,104.450736540311,11.2693917792867,104.319463459421,48.3303589643301,37.3458459236464,1995.17432189267,2006.15883493335,48150000
377,380,13.7679544685652,11.0424103600989,104.450736540311,11.4851945294204,103.502972707184,51.1138003922115,37.3458459236464,1995.17432189267,2008.94227636123,48150000
378,379,2.61800799041314,11.2693917792867,104.319463459421,11.2458849363656,104.211901560071,50.9483669547432,48.3303589643301,2006.15883493335,2008.77684292377,48150000
378,170,6.19089184260347,11.2693917792867,104.319463459421,11.205981256314,104.239912132346,54.5212508069335,48.3303589643301,2006.15883493335,2012.34972677596,48150000
379,171,8.29165022691894,11.2458849363656,104.211901560071,11.6147227328659,104.89805643138,59.2400171816621,50.9483669547432,2008.77684292377,2017.06849315068,48150000
379,172,6.57110228171348,11.2458849363656,104.211901560071,10.5824440136578,103.76074379732,57.5194692364567,50.9483669547432,2008.77684292377,2015.34794520548,48150000
380,173,6.8878606250671,11.4851945294204,103.502972707184,11.1104648623846,103.751353128675,58.0016610172786,51.1138003922115,2008.94227636123,2015.8301369863,48150000
380,174,4.36457295383433,11.4851945294204,103.502972707184,11.1862647749792,103.473065133659,55.4783733460459,51.1138003922115,2008.94227636123,2013.30684931507,48150000
381,382,14.5968960615105,10.8252745900129,104.429128273975,10.8178948532423,104.392658615565,53.6537624827255,39.056866421215,1996.88534239024,2011.48223845175,48150000
381,177,2.17219185633772,10.8252745900129,104.429128273975,10.728,104.597,41.2290582775527,39.056866421215,1996.88534239024,1999.05753424658,48150000
382,175,3.86296702770385,10.8178948532423,104.392658615565,10.951069944357,104.475788948468,57.5167295104293,53.6537624827255,2011.48223845175,2015.34520547945,48150000
382,176,0.547816193060663,10.8178948532423,104.392658615565,10.795265101462,104.420299710781,54.2015786757861,53.6537624827255,2011.48223845175,2012.03005464481,48150000
383,178,1.66462802170208,11.8833860603075,104.727308448447,11.8912616044421,104.711974386908,41.0920719761828,39.4274439544807,1997.2559199235,1998.92054794521,48150000
383,384,4.70210800239904,11.8833860603075,104.727308448447,11.6124815781222,104.577041327028,44.1295519568798,39.4274439544807,1997.2559199235,2001.9580279259,48150000
384,401,8.31438600596707,11.6124815781222,104.577041327028,11.4865610376229,104.496119071957,52.4439379628468,44.1295519568798,2001.9580279259,2010.27241393187,48150000
384,385,3.28979488774581,11.6124815781222,104.577041327028,11.6370186612452,104.540670715318,47.4193468446256,44.1295519568798,2001.9580279259,2005.24782281365,48150000
385,386,0.466752340460404,11.6370186612452,104.540670715318,10.9473931933293,104.582232635681,47.886099185086,47.4193468446256,2005.24782281365,2005.71457515411,48150000
385,400,3.1787240130033,11.6370186612452,104.540670715318,11.6717551605846,104.420335780147,50.5980708576289,47.4193468446256,2005.24782281365,2008.42654682665,48150000
386,387,0.633531118352904,10.9473931933293,104.582232635681,10.9249604475383,104.555527658848,48.5196303034389,47.886099185086,2005.71457515411,2006.34810627246,48150000
386,179,9.15391799657636,10.9473931933293,104.582232635681,10.8364212126802,104.530962854915,57.0400171816623,47.886099185086,2005.71457515411,2014.86849315069,48150000
387,391,1.17394864858135,10.9249604475383,104.555527658848,11.0339346756166,104.589474181257,49.6935789520202,48.5196303034389,2006.34810627246,2007.52205492104,48150000
387,388,0.862644601657745,10.9249604475383,104.555527658848,10.8946963817096,104.432506034416,49.3822749050966,48.5196303034389,2006.34810627246,2007.21075087412,48150000
388,390,4.00697547698892,10.8946963817096,104.432506034416,10.8321209438498,104.292215252284,53.3892503820855,49.3822749050966,2007.21075087412,2011.21772635111,48150000
388,389,0.936012780139338,10.8946963817096,104.432506034416,10.9058210339865,104.397786033977,50.318287685236,49.3822749050966,2007.21075087412,2008.14676365426,48150000
389,180,3.95159700147902,10.9058210339865,104.397786033977,10.6757682430587,104.454322062962,54.269884686715,50.318287685236,2008.14676365426,2012.09836065574,48150000
389,181,4.62099590858289,10.9058210339865,104.397786033977,10.8968383406649,104.483149437217,54.9392835938188,50.318287685236,2008.14676365426,2012.76775956284,48150000
390,183,1.89460241601501,10.8321209438498,104.292215252284,10.8978656609911,104.439866649802,55.2838527981005,53.3892503820855,2011.21772635111,2013.11232876712,48150000
390,182,1.11014250135077,10.8321209438498,104.292215252284,10.780700733987,104.389951491608,54.4993928834363,53.3892503820855,2011.21772635111,2012.32786885246,48150000
391,392,0.0428991887265653,11.0339346756166,104.589474181257,10.9876930585869,104.595274046991,49.7364781407468,49.6935789520202,2007.52205492104,2007.56495410977,48150000
391,184,9.56013685977894,11.0339346756166,104.589474181257,10.6226717146121,104.756648192787,59.2537158117992,49.6935789520202,2007.52205492104,2017.08219178082,48150000
392,398,2.75034064572207,10.9876930585869,104.595274046991,11.5179027076554,104.912554002754,52.4868187864689,49.7364781407468,2007.56495410977,2010.31529475549,48150000
392,393,0.393855940846125,10.9876930585869,104.595274046991,10.9786341596412,104.557316970577,50.1303340815929,49.7364781407468,2007.56495410977,2007.95881005062,48150000
393,396,3.86539688891072,10.9786341596412,104.557316970577,11.1017378265565,105.04978309954,53.9957309705036,50.1303340815929,2007.95881005062,2011.82420693953,48150000
393,394,3.32817717197718,10.9786341596412,104.557316970577,10.8173803952197,104.547299037155,53.4585112535701,50.1303340815929,2007.95881005062,2011.28698722259,48150000
394,185,1.71028053697008,10.8173803952197,104.547299037155,11.0155476656755,104.458291840759,55.1687917905402,53.4585112535701,2011.28698722259,2012.99726775956,48150000
394,395,3.06276431683926,10.8173803952197,104.547299037155,11.1029784023454,104.590040371368,56.5212755704094,53.4585112535701,2011.28698722259,2014.34975153943,48150000
395,187,1.59271421399253,11.1029784023454,104.590040371368,10.794987329078,104.393343704169,58.1139897844019,56.5212755704094,2014.34975153943,2015.94246575342,48150000
395,186,1.90707906166076,11.1029784023454,104.590040371368,11.1318695335634,104.524333113773,58.4283546320701,56.5212755704094,2014.34975153943,2016.25683060109,48150000
396,190,4.78508267796008,11.1017378265565,105.04978309954,11.0398642525816,105.064177002858,58.7808136484637,53.9957309705036,2011.82420693953,2016.60928961749,48150000
396,397,0.236386790937892,11.1017378265565,105.04978309954,11.143166428029,105.042540054509,54.2321177614415,53.9957309705036,2011.82420693953,2012.06059373046,48150000
397,188,0.595143974453787,11.143166428029,105.042540054509,11.1335569043055,105.016850685696,54.8272617358953,54.2321177614415,2012.06059373046,2012.65573770492,48150000
397,189,5.22981722843998,11.143166428029,105.042540054509,11.8730042567919,104.626757723682,59.4619349898815,54.2321177614415,2012.06059373046,2017.2904109589,48150000
398,191,2.99977373765909,11.5179027076554,104.912554002754,11.5373812677231,104.897387450438,55.4865925241279,52.4868187864689,2010.31529475549,2013.31506849315,48150000
398,399,3.60171024857421,11.5179027076554,104.912554002754,11.5424665491633,104.893725860994,56.0885290350431,52.4868187864689,2010.31529475549,2013.91700500407,48150000
399,192,3.84463883155073,11.5424665491633,104.893725860994,11.5591648199252,104.91750189559,59.9331678665938,56.0885290350431,2013.91700500407,2017.76164383562,48150000
399,193,1.30491280415337,11.5424665491633,104.893725860994,10.5880442688086,104.785169005049,57.3934418391964,56.0885290350431,2013.91700500407,2015.22191780822,48150000
400,195,3.80296137006976,11.6717551605846,104.420335780147,11.7198843156862,104.524361224011,54.4010322276986,50.5980708576289,2008.42654682665,2012.22950819672,48150000
400,194,6.40359015964978,11.6717551605846,104.420335780147,11.7090024066936,104.393574780562,57.0016610172786,50.5980708576289,2008.42654682665,2014.8301369863,48150000
401,402,3.0032105906106,11.4865610376229,104.496119071957,11.653408919703,104.446828027946,55.4471485534574,52.4439379628468,2010.27241393187,2013.27562452248,48150000
401,201,5.07553127360986,11.4865610376229,104.496119071957,11.4488612706622,104.594778218128,57.5194692364567,52.4439379628468,2010.27241393187,2015.34794520548,48150000
402,403,2.95293335354769,11.653408919703,104.446828027946,11.7404918982369,104.430753163396,58.4000819070051,55.4471485534574,2013.27562452248,2016.22855787603,48150000
402,404,0.207330096091303,11.653408919703,104.446828027946,11.5053396323908,104.423820884463,55.6544786495487,55.4471485534574,2013.27562452248,2013.48295461857,48150000
403,197,1.46459280890361,11.7404918982369,104.430753163396,11.8071225327126,104.770663800872,59.8646747159087,58.4000819070051,2016.22855787603,2017.69315068493,48150000
403,196,1.4152777404105,11.7404918982369,104.430753163396,11.749960208524,104.424963703635,59.8153596474156,58.4000819070051,2016.22855787603,2017.64383561644,48150000
404,198,2.39649743622303,11.5053396323908,104.423820884463,11.9360393720512,104.763530269248,58.0509760857718,55.6544786495487,2013.48295461857,2015.87945205479,48150000
404,405,1.40452214100965,11.5053396323908,104.423820884463,11.332929148426,104.458928110013,57.0590007905584,55.6544786495487,2013.48295461857,2014.88747675958,48150000
405,199,2.14266022672031,11.332929148426,104.458928110013,11.5154881051519,104.840604879767,59.2016610172787,57.0590007905584,2014.88747675958,2017.0301369863,48150000
405,200,1.82837023495439,11.332929148426,104.458928110013,11.2124253644496,104.51026010853,58.8873710255128,57.0590007905584,2014.88747675958,2016.71584699454,48150000
