node1,node2,length,startLat,startLon,endLat,endLon,endNodeL,startNodeL,startYear,endYear,greatCircleDist_km
204,178,56.7932935009621,11.341096854526,104.841476348339,11.7402384529248,105.355033802922,56.7932935009621,0,1957.74369280041,2014.53698630137,71.4988528830897
204,205,9.55851801205983,11.341096854526,104.841476348339,11.3318262222565,105.086918221507,9.55851801205983,0,1957.74369280041,1967.30221081247,26.8103212717561
205,206,4.3957424813536,11.3318262222565,105.086918221507,11.5451509150886,105.103832196551,13.9542604934134,9.55851801205983,1967.30221081247,1971.69795329382,23.8197332378333
206,207,28.7865551811429,11.5451509150886,105.103832196551,10.9725155572245,106.000747702674,42.7408156745563,13.9542604934134,1971.69795329382,2000.48450847496,116.847412497443
207,208,4.36019231338493,10.9725155572245,106.000747702674,10.9751552835666,106.016151857409,47.1010079879412,42.7408156745563,2000.48450847496,2004.84470078835,1.70894829304166
208,209,3.46699157129689,10.9751552835666,106.016151857409,10.7615001480088,105.806172237352,50.5679995592381,47.1010079879412,2004.84470078835,2008.31169235964,33.056322069013
209,47,7.34036243487479,10.7615001480088,105.806172237352,10.696898550837,105.532197509608,57.9083619941129,50.5679995592381,2008.31169235964,2015.65205479452,30.8176124844878
209,210,4.9507517472751,10.7615001480088,105.806172237352,10.7638649615694,105.702939086323,55.5187513065132,50.5679995592381,2008.31169235964,2013.26244410692,11.2932225775421
210,136,4.09372027664077,10.7638649615694,105.702939086323,10.6162677503486,105.748332171491,59.612471583154,55.5187513065132,2013.26244410692,2017.35616438356,17.1650317487909
210,211,3.8270511435916,10.7638649615694,105.702939086323,10.7161127628968,105.629564666235,59.3458024501048,55.5187513065132,2013.26244410692,2017.08949525051,9.6262087871095
211,54,0.647491050857305,10.7161127628968,105.629564666235,10.6200985788277,105.619857136258,59.9932935009621,59.3458024501048,2017.08949525051,2017.73698630137,10.741300099201
211,36,0.0858472152408545,10.7161127628968,105.629564666235,10.6634262954135,105.592375187863,59.4316496653457,59.3458024501048,2017.08949525051,2017.17534246575,7.1380517815211
208,212,0.695669912631562,10.9751552835666,106.016151857409,10.9253936114865,106.020256390737,47.7966779005728,47.1010079879412,2004.84470078835,2005.54037070098,5.55779709059709
212,213,2.74163668428801,10.9253936114865,106.020256390737,11.3958458863257,105.989105314211,50.5383145848608,47.7966779005728,2005.54037070098,2008.28200738527,52.482962493062
213,214,2.54415982616201,11.3958458863257,105.989105314211,11.3525346688964,106.11784564834,53.0824744110228,50.5383145848608,2008.28200738527,2010.82616721143,14.8546685009777
214,42,2.43958621322701,11.3525346688964,106.11784564834,11.2428410841777,105.843343085553,55.5220606242498,53.0824744110228,2010.82616721143,2013.26575342466,32.3591436396929
214,11,1.35416065742185,11.3525346688964,106.11784564834,11.3108601342486,106.077507787412,54.4366350684447,53.0824744110228,2010.82616721143,2012.18032786885,6.39612503884925
213,215,0.651732289660259,11.3958458863257,105.989105314211,11.3192069172997,105.98179462386,51.1900468745211,50.5383145848608,2008.28200738527,2008.93373967493,8.56897741534035
215,216,0.662233575204102,11.3192069172997,105.98179462386,11.3397755125828,106.12473821982,51.8522804497252,51.1900468745211,2008.93373967493,2009.59597325013,15.7700681021479
216,217,0.237868686775633,11.3397755125828,106.12473821982,11.2882211169764,106.109172090309,52.0901491365008,51.8522804497252,2009.59597325013,2009.83384193691,5.98549239481674
217,218,0.453859184913129,11.2882211169764,106.109172090309,11.2873063071946,105.97051214476,52.5440083214139,52.0901491365008,2009.83384193691,2010.28770112182,15.1379147371034
218,219,0.0116398070078496,11.2873063071946,105.97051214476,11.3015766135572,105.983896755697,52.5556481284218,52.5440083214139,2010.28770112182,2010.29934092883,2.15841390254911
219,220,1.12074906360847,11.3015766135572,105.983896755697,11.1727975785276,105.963191772291,53.6763971920303,52.5556481284218,2010.29934092883,2011.42008999244,14.5133441539574
220,221,2.85622331908768,11.1727975785276,105.963191772291,11.1414928866233,105.839338094545,56.5326205111179,53.6763971920303,2011.42008999244,2014.27631331152,13.9689764470662
221,50,0.718207236419652,11.1414928866233,105.839338094545,11.0509298585234,105.89668972883,57.2508277475376,56.5326205111179,2014.27631331152,2014.99452054794,11.8699856954162
221,174,0.123686688474458,11.1414928866233,105.839338094545,11.1636789756672,105.801094478525,56.6563071995924,56.5326205111179,2014.27631331152,2014.4,4.85259526944412
220,222,1.59113226706414,11.1727975785276,105.963191772291,11.071091771435,105.954121511961,55.2675294590944,53.6763971920303,2011.42008999244,2013.0112222595,11.3655509979648
222,223,0.53958880798224,11.071091771435,105.954121511961,11.0897577680534,106.043300724996,55.8071182670766,55.2675294590944,2013.0112222595,2013.55081106748,9.96184077927588
223,224,0.0564147569228126,11.0897577680534,106.043300724996,11.0789250338881,106.040678613055,55.8635330239994,55.8071182670766,2013.55081106748,2013.60722582441,1.23949756976321
224,176,1.77907554545593,11.0789250338881,106.040678613055,10.8358886748263,105.991205523452,57.6426085694554,55.8635330239994,2013.60722582441,2015.38630136986,27.5907682484311
224,156,0.118801572853022,11.0789250338881,106.040678613055,11.0735069310293,105.98280250301,55.9823345968525,55.8635330239994,2013.60722582441,2013.72602739726,6.35167927056398
223,100,1.41083276813221,11.0897577680534,106.043300724996,11.5224761238645,105.507985979275,57.2179510352088,55.8071182670766,2013.55081106748,2014.96164383562,75.732250865183
222,147,0.142202398032195,11.071091771435,105.954121511961,11.1188308622859,105.992904208042,55.4097318571266,55.2675294590944,2013.0112222595,2013.15342465753,6.79661114629047
219,225,1.3742980617819,11.3015766135572,105.983896755697,11.1775217019561,106.069413968631,53.9299461902037,52.5556481284218,2010.29934092883,2011.67363899061,16.6707191275793
225,82,3.26882676281321,11.1775217019561,106.069413968631,11.2963138235875,106.021440205865,57.1987729530169,53.9299461902037,2011.67363899061,2014.94246575342,14.2240611923804
225,155,1.52088155733373,11.1775217019561,106.069413968631,11.3520683926582,105.904813756887,55.4508277475374,53.9299461902037,2011.67363899061,2013.19452054794,26.4674465634573
218,226,1.21754112195216,11.2873063071946,105.97051214476,11.3366808467662,106.025936249231,53.7615494433661,52.5440083214139,2010.28770112182,2011.50524224377,8.1741491923402
226,65,1.50023720828092,11.3366808467662,106.025936249231,11.3333402670962,105.946749849583,55.261786651647,53.7615494433661,2011.50524224377,2013.00547945205,8.65138774543691
226,227,1.01043205046836,11.3366808467662,106.025936249231,11.5414042625646,105.942301936978,54.7719814938344,53.7615494433661,2011.50524224377,2012.51567429424,24.5496891056684
227,16,1.31720241808655,11.5414042625646,105.942301936978,11.4961234995866,105.928333716475,56.089183911921,54.7719814938344,2012.51567429424,2013.83287671233,5.2660762700252
227,183,2.41309282904542,11.5414042625646,105.942301936978,11.522070611241,106.006400105915,57.1850743228799,54.7719814938344,2012.51567429424,2014.92876712329,7.3154006781697
217,228,0.0702067918313478,11.2882211169764,106.109172090309,11.2918094780707,106.105537344953,52.1603559283321,52.0901491365008,2009.83384193691,2009.90404872874,0.563053915015874
228,229,2.10682486814579,11.2918094780707,106.105537344953,11.1869806652164,106.061927522451,54.2671807964779,52.1603559283321,2009.90404872874,2012.01087359688,12.6040291102256
229,230,1.27459231212454,11.1869806652164,106.061927522451,11.1316330213042,106.071420936193,55.5417731086025,54.2671807964779,2012.01087359688,2013.28546590901,6.24814667392638
230,26,1.40768477592125,11.1316330213042,106.071420936193,11.1031362679999,105.977155664049,56.9494578845237,55.5417731086025,2013.28546590901,2014.69315068493,10.7746509591083
230,86,2.27343820057892,11.1316330213042,106.071420936193,11.0742096202959,105.983646928321,57.8152113091814,55.5417731086025,2013.28546590901,2015.55890410959,11.5240466782383
229,231,1.64247968061481,11.1869806652164,106.061927522451,11.0706026828589,105.964619767012,55.9096604770927,54.2671807964779,2012.01087359688,2013.6533532775,16.757801014404
231,232,0.0197594877796092,11.0706026828589,105.964619767012,11.0613804677574,105.961661678263,55.9294199648724,55.9096604770927,2013.6533532775,2013.67311276528,1.07631920197373
232,12,1.20359956348705,11.0613804677574,105.961661678263,11.0856220343048,106.013758296829,57.1330195283594,55.9294199648724,2013.67311276528,2014.87671232877,6.29899264567234
232,233,1.58638763991278,11.0613804677574,105.961661678263,10.8517916241228,105.974275437563,57.5158076047851,55.9294199648724,2013.67311276528,2015.25950040519,23.3729346278386
233,97,1.13940669863236,10.8517916241228,105.974275437563,10.8965168884593,105.972446041241,58.6552143034175,57.5158076047851,2015.25950040519,2016.39890710382,4.98300478844474
233,190,1.50279467677446,10.8517916241228,105.974275437563,10.9262463660829,106.041138261895,59.0186022815596,57.5158076047851,2015.25950040519,2016.76229508197,11.0511618672967
231,81,1.15212617455446,11.0706026828589,105.964619767012,10.9739168689295,105.952949414202,57.0617866516472,55.9096604770927,2013.6533532775,2014.80547945205,10.8387183032194
228,234,1.04024338137606,11.2918094780707,106.105537344953,11.5254391965097,105.797942702117,53.2005993097082,52.1603559283321,2009.90404872874,2010.94429211011,42.4631918473932
234,51,2.23379008166483,11.5254391965097,105.797942702117,11.8966744253854,105.391678945459,55.434389391373,53.2005993097082,2010.94429211011,2013.17808219178,60.5734062660286
234,182,2.99269419125397,11.5254391965097,105.797942702117,11.7150543798796,105.845836515309,56.1932935009622,53.2005993097082,2010.94429211011,2013.93698630137,21.7451368940398
216,235,1.09064916410368,11.3397755125828,106.12473821982,11.492296924302,106.14971428131,52.9429296138288,51.8522804497252,2009.59597325013,2010.68662241424,17.1966181097073
235,63,1.58386938904213,11.492296924302,106.14971428131,11.6312671139628,106.186587603147,54.526799002871,52.9429296138288,2010.68662241424,2012.27049180328,15.9848589979628
235,169,6.47502142137981,11.492296924302,106.14971428131,11.4305508200517,106.127296602329,59.4179510352087,52.9429296138288,2010.68662241424,2017.16164383561,7.29599569120943
215,236,1.71023034879726,11.3192069172997,105.98179462386,11.2780461351198,105.955862639196,52.9002772233183,51.1900468745211,2008.93373967493,2010.64397002372,5.38612531271524
236,237,0.78192074331976,11.2780461351198,105.955862639196,11.0869395025623,105.88879496313,53.6821979666381,52.9002772233183,2010.64397002372,2011.42589076704,22.5002697662317
237,60,1.51946442421101,11.0869395025623,105.88879496313,11.2177479732322,105.972501875573,55.2016623908491,53.6821979666381,2011.42589076704,2012.94535519126,17.1942482225396
237,193,4.17136950692676,11.0869395025623,105.88879496313,11.2358510598986,105.894262374474,57.8535674735649,53.6821979666381,2011.42589076704,2015.59726027397,16.5881625158132
236,127,4.23822175709579,11.2780461351198,105.955862639196,11.2449409701192,105.827526303963,57.1384989804141,52.9002772233183,2010.64397002372,2014.88219178082,14.4883820910721
212,4,9.48976628532089,10.9253936114865,106.020256390737,10.8324560466889,105.944803491733,57.2864441858937,47.7966779005728,2005.54037070098,2015.0301369863,13.2319726203039
207,238,2.16290318944769,10.9725155572245,106.000747702674,11.1507050481718,105.841627761278,44.903718864004,42.7408156745563,2000.48450847496,2002.64741166441,26.3766121852206
238,239,1.86383739995523,11.1507050481718,105.841627761278,10.9238925006618,105.794745975244,46.7675562639592,44.903718864004,2002.64741166441,2004.51124906437,25.7640268943476
239,240,8.29958393536079,10.9238925006618,105.794745975244,11.1810772152434,105.741655661763,55.06714019932,46.7675562639592,2004.51124906437,2012.81083299973,29.2124880391375
240,80,1.05218069890236,11.1810772152434,105.741655661763,11.1665742426718,105.754969178657,56.1193208982224,55.06714019932,2012.81083299973,2013.86301369863,2.17275471447017
240,241,0.0344215079935752,11.1810772152434,105.741655661763,11.138311187481,105.743510567801,55.1015617073136,55.06714019932,2012.81083299973,2012.84525450772,4.76518827925557
241,21,1.83967699912806,11.138311187481,105.743510567801,11.1960169504025,105.797755927274,56.9412387064417,55.1015617073136,2012.84525450772,2014.68493150685,8.73884711055306
241,52,0.982142752552688,11.138311187481,105.743510567801,11.1817059223117,105.782803843979,56.0837044598663,55.1015617073136,2012.84525450772,2013.82739726027,6.46179739842568
239,242,7.31268246708639,10.9238925006618,105.794745975244,10.9415144157791,105.260186040662,54.0802387310456,46.7675562639592,2004.51124906437,2011.82393153145,58.4621401544675
242,243,1.48501213175504,10.9415144157791,105.260186040662,10.9710128964095,105.37175702698,55.5652508628007,54.0802387310456,2011.82393153145,2013.30894366321,12.6285571143475
243,150,3.41236781220159,10.9710128964095,105.37175702698,11.1902912977256,105.323173234215,58.9776186750022,55.5652508628007,2013.30894366321,2016.72131147541,24.9812883747346
243,244,0.303133386479204,10.9710128964095,105.37175702698,11.034420426014,105.493466234352,55.8683842492799,55.5652508628007,2013.30894366321,2013.61207704969,15.0571713329619
244,123,2.34408733387404,11.034420426014,105.493466234352,11.0408127922431,105.677043407085,58.2124715831539,55.8683842492799,2013.61207704969,2015.95616438356,20.0710996545362
244,202,3.18300491752548,11.034420426014,105.493466234352,11.2703640370913,105.429059971322,59.0513891668053,55.8683842492799,2013.61207704969,2016.79508196721,27.1918351959962
242,245,0.00893209662945083,10.9415144157791,105.260186040662,10.9482930123988,105.249597181059,54.0891708276751,54.0802387310456,2011.82393153145,2011.83286362808,1.38163373421902
245,192,6.03288979657468,10.9482930123988,105.249597181059,11.5013890405318,105.195468743812,60.1220606242497,54.0891708276751,2011.83286362808,2017.86575342466,61.8558206474861
245,161,5.51508157739663,10.9482930123988,105.249597181059,10.8078794163604,105.320072786651,59.6042524050717,54.0891708276751,2011.83286362808,2017.34794520548,17.4270373649741
238,49,12.7279308013417,11.1507050481718,105.841627761278,11.3249914336445,106.060521239017,57.6316496653457,44.903718864004,2002.64741166441,2015.37534246575,30.7846863583973
206,246,6.54541921538191,11.5451509150886,105.103832196551,11.5944720240432,105.245288438862,20.4996797087953,13.9542604934134,1971.69795329382,1978.2433725092,16.3754127367477
246,247,0.441814066768451,11.5944720240432,105.245288438862,11.565657953143,105.208351416518,20.9414937755638,20.4996797087953,1978.2433725092,1978.68518657597,5.14939699451216
247,162,20.3860463007409,11.565657953143,105.208351416518,11.5842408528591,105.150991771559,41.3275400763047,20.9414937755638,1978.68518657597,1999.07123287671,6.58882305350652
247,248,1.36919638945805,11.565657953143,105.208351416518,11.4954722872373,104.749640546866,22.3106901650218,20.9414937755638,1978.68518657597,1980.05438296543,50.6412514432517
248,184,18.7620553907348,11.4954722872373,104.749640546866,11.6679412082703,105.075546135953,41.0727455557566,22.3106901650218,1980.05438296543,1998.81643835616,40.3967219678079
248,249,3.12749518609947,11.4954722872373,104.749640546866,11.4957623257119,104.778523149054,25.4381853511213,22.3106901650218,1980.05438296543,1983.18187815153,3.15098899064548
249,250,8.43618416737532,11.4957623257119,104.778523149054,11.3032583475784,104.859299131392,33.8743695184966,25.4381853511213,1983.18187815153,1991.6180623189,23.1723904572732
250,251,1.73148295720211,11.3032583475784,104.859299131392,11.4008206146392,104.907185226294,35.6058524756987,33.8743695184966,1991.6180623189,1993.34954527611,12.0531568674443
251,121,5.57100266909906,11.4008206146392,104.907185226294,11.5771797393303,104.916186866271,41.1768551447978,35.6058524756987,1993.34954527611,1998.9205479452,19.6575248789417
251,252,5.38219732928432,11.4008206146392,104.907185226294,11.6751710239525,105.191028034477,40.9880498049831,35.6058524756987,1993.34954527611,1998.73174260539,43.4892476022061
252,253,0.148701471929922,11.6751710239525,105.191028034477,11.6783718077971,105.192032078632,41.136751276913,40.9880498049831,1998.73174260539,1998.88044407732,0.372757614296984
253,254,1.60596067926665,11.6783718077971,105.192032078632,11.6173276747546,105.115768127842,42.7427119561796,41.136751276913,1998.88044407732,2000.48640475659,10.7388573680423
254,255,10.0131063096902,11.6173276747546,105.115768127842,12.9586582079051,105.202413326452,52.7558182658698,42.7427119561796,2000.48640475659,2010.49951106628,149.619224175977
255,102,3.69774920769518,12.9586582079051,105.202413326452,12.9617831626521,104.993144359082,56.453567473565,52.7558182658698,2010.49951106628,2014.19726027397,22.7058379752655
255,2,2.36387691186459,12.9586582079051,105.202413326452,12.9464757091502,105.267096941121,55.1196951777344,52.7558182658698,2010.49951106628,2012.86338797814,7.14745876283942
254,256,3.9324397516273,11.6173276747546,105.115768127842,11.4220820358986,105.147449832247,46.6751517078069,42.7427119561796,2000.48640475659,2004.41884450821,22.008523315669
256,257,4.27664051061298,11.4220820358986,105.147449832247,11.8272776021056,104.903124860531,50.9517922184199,46.6751517078069,2004.41884450821,2008.69548501883,52.3878040738553
257,258,1.24739426599906,11.8272776021056,104.903124860531,11.9131360757861,105.057150026545,52.199186484419,50.9517922184199,2008.69548501883,2009.94287928483,19.3112934118944
258,259,1.00911798836295,11.9131360757861,105.057150026545,12.0711205735464,105.089890162703,53.2083044727819,52.199186484419,2009.94287928483,2010.95199727319,17.9451667891038
259,260,0.835355715929063,12.0711205735464,105.089890162703,12.2949275983147,105.053770051422,54.043660188711,53.2083044727819,2010.95199727319,2011.78735298912,25.2231841122025
260,261,1.66206123432633,12.2949275983147,105.053770051422,12.2742653857779,105.041527326731,55.7057214230373,54.043660188711,2011.78735298912,2013.44941422344,2.65788175361072
261,177,4.49579125600693,12.2742653857779,105.041527326731,12.20329216568,105.13191314202,60.2015126790442,55.7057214230373,2013.44941422344,2017.94520547945,12.6143581613885
261,67,1.77524331080148,12.2742653857779,105.041527326731,12.2996848383494,105.035154178285,57.4809647338388,55.7057214230373,2013.44941422344,2015.22465753425,2.91346748667022
260,98,1.44004427115539,12.2949275983147,105.053770051422,12.2940636120624,104.993396733448,55.4837044598664,54.043660188711,2011.78735298912,2013.22739726027,6.56755683959134
259,262,2.31768384083772,12.0711205735464,105.089890162703,12.1226228253598,105.180245711152,55.5259883136196,53.2083044727819,2010.95199727319,2013.26968111403,11.384496375005
262,263,0.0623900310287127,12.1226228253598,105.180245711152,12.1312960362439,105.178505377585,55.5883783446483,55.5259883136196,2013.26968111403,2013.33207114505,0.983939804035292
263,264,0.621908405696241,12.1312960362439,105.178505377585,12.1063971271434,105.313654477706,56.2102867503446,55.5883783446483,2013.33207114505,2013.95397955075,14.9688986640447
264,32,2.38208602301809,12.1063971271434,105.313654477706,12.3402061051521,105.264176516369,58.5923727733627,56.2102867503446,2013.95397955075,2016.33606557377,26.5793676331403
264,265,0.917262462140445,12.1063971271434,105.313654477706,12.0625681832905,105.231274312643,57.127549212485,56.2102867503446,2013.95397955075,2014.87124201289,10.2090863882305
265,266,0.590716913031407,12.0625681832905,105.231274312643,12.1469854884843,105.165639323149,57.7182661255164,57.127549212485,2014.87124201289,2015.46195892592,11.80494731611
266,158,1.23749462598834,12.1469854884843,105.165639323149,11.9500302082773,105.133115536035,58.9557607515048,57.7182661255164,2015.46195892592,2016.69945355191,22.209904014539
266,3,1.49159298664426,12.1469854884843,105.165639323149,12.1412404124492,105.101725045664,59.2098591121607,57.7182661255164,2015.46195892592,2016.95355191257,6.98529846447792
265,140,2.76711415149086,12.0625681832905,105.231274312643,12.1299060898033,105.313646777755,59.8946633639759,57.127549212485,2014.87124201289,2017.63835616438,11.687233733177
263,267,0.180748729640384,12.1312960362439,105.178505377585,12.1442143608567,105.147446485368,55.7691270742887,55.5883783446483,2013.33207114505,2013.51281987469,3.67350232226493
267,166,2.88881946956589,12.1442143608567,105.147446485368,12.4467546543724,105.335066631021,58.6579465438546,55.7691270742887,2013.51281987469,2016.40163934426,39.3802602695826
267,268,0.0922970592676222,12.1442143608567,105.147446485368,12.1476845347424,105.14415525743,55.8614241335564,55.7691270742887,2013.51281987469,2013.60511693396,0.526819042826672
268,269,1.45147796847917,12.1476845347424,105.14415525743,12.0218888447641,104.802898098625,57.3129021020355,55.8614241335564,2013.60511693396,2015.05659490244,39.700115052875
269,130,1.82318651832186,12.0218888447641,104.802898098625,11.8744005015396,104.867815382879,59.1360886203574,57.3129021020355,2015.05659490244,2016.87978142076,17.8765619020045
269,270,1.10736112755212,12.0218888447641,104.802898098625,11.9786698122328,104.789707066628,58.4202632295876,57.3129021020355,2015.05659490244,2016.16395602999,5.02114602911501
270,271,0.488786178812839,11.9786698122328,104.789707066628,11.9750969962344,104.684099214906,58.9090494084005,58.4202632295876,2016.16395602999,2016.65274220881,11.5076241804466
271,272,0.0525823986440384,11.9750969962344,104.684099214906,11.9589015807498,104.669074642991,58.9616318070445,58.9090494084005,2016.65274220881,2016.70532460745,2.43472211952762
272,40,0.853579502136874,11.9589015807498,104.669074642991,11.8097531520083,104.689298281652,59.8152113091814,58.9616318070445,2016.70532460745,2017.55890410959,16.749305845894
272,71,0.174456813312865,11.9589015807498,104.669074642991,11.9445209980031,104.660013728675,59.1360886203574,58.9616318070445,2016.70532460745,2016.87978142076,1.88061724005792
271,197,0.0631047857272873,11.9750969962344,104.684099214906,11.9399626004708,104.694796826273,58.9721541941278,58.9090494084005,2016.65274220881,2016.71584699453,4.08112799187272
270,124,0.152983860714931,11.9786698122328,104.789707066628,12.0833085175388,104.885616728039,58.5732470903026,58.4202632295876,2016.16395602999,2016.31693989071,15.6441768651733
268,273,1.30607812704215,12.1476845347424,105.14415525743,12.0202742559178,105.241928673287,57.1675022605985,55.8614241335564,2013.60511693396,2014.911195061,17.7330438477292
273,170,1.59973390074253,12.0202742559178,105.241928673287,12.0617275942592,105.193429929599,58.767236161341,57.1675022605985,2014.911195061,2016.51092896175,7.01264888664911
273,55,1.83197433790098,12.0202742559178,105.241928673287,12.0247078739754,105.219989043228,58.9994765984995,57.1675022605985,2014.911195061,2016.74316939891,2.43928888885318
262,165,2.23990792706864,12.1226228253598,105.180245711152,12.1974611962656,105.065471923968,57.7658962406883,55.5259883136196,2013.26968111403,2015.50958904109,15.013999253814
258,274,1.1637340197862,11.9131360757861,105.057150026545,11.8691796610982,105.076215382148,53.3629205042052,52.199186484419,2009.94287928483,2011.10661330461,5.31589988921453
274,275,0.157675678437902,11.8691796610982,105.076215382148,11.8541550240487,105.10615864313,53.5205961826431,53.3629205042052,2011.10661330461,2011.26428898305,3.66601654919516
275,276,0.0742891353934105,11.8541550240487,105.10615864313,11.8279983785186,105.091118364492,53.5948853180365,53.5205961826431,2011.26428898305,2011.33857811844,3.34130261125334
276,59,1.53573882144642,11.8279983785186,105.091118364492,11.8274686838881,105.175156281772,55.1306241394829,53.5948853180365,2011.33857811844,2012.87431693989,9.15698444024799
276,277,1.19929961316584,11.8279983785186,105.091118364492,11.706382428422,105.312248717337,54.7941849312023,53.5948853180365,2011.33857811844,2012.53787773161,27.6422735618775
277,278,0.102515810058796,11.706382428422,105.312248717337,11.6989337269215,105.316994351323,54.8967007412611,54.7941849312023,2012.53787773161,2012.64039354167,0.977355466529805
278,279,0.446681127865116,11.6989337269215,105.316994351323,11.6839462653594,105.334090794582,55.3433818691262,54.8967007412611,2012.64039354167,2013.08707466953,2.50147000491372
279,126,0.381418481150997,11.6839462653594,105.334090794582,11.7059509524957,105.327245777143,55.7248003502772,55.3433818691262,2013.08707466953,2013.46849315068,2.56077667052538
279,185,0.986897933205849,11.6839462653594,105.334090794582,11.5837072094161,105.27910828947,56.3302798023321,55.3433818691262,2013.08707466953,2014.07397260274,12.6674676176339
278,99,3.10207221175594,11.6989337269215,105.316994351323,11.7413177009566,105.360419455924,57.9987729530171,54.8967007412611,2012.64039354167,2015.74246575342,6.68344886306613
277,72,2.14705377523933,11.706382428422,105.312248717337,11.9317972030138,105.359397142513,56.9412387064417,54.7941849312023,2012.53787773161,2014.68493150685,25.6145398255063
275,280,0.350102148894695,11.8541550240487,105.10615864313,11.8394053495985,105.069759177975,53.8706983315378,53.5205961826431,2011.26428898305,2011.61439113194,4.29230213249121
280,281,0.838585537051963,11.8394053495985,105.069759177975,11.710789553741,104.992153590863,54.7092838685897,53.8706983315378,2011.61439113194,2012.452976669,16.6293556607632
281,17,0.662091824153171,11.710789553741,104.992153590863,11.7127273281049,104.930196904718,55.3713756927429,54.7092838685897,2012.452976669,2013.11506849315,6.75710964894041
281,282,2.83548176401355,11.710789553741,104.992153590863,11.1390519431505,104.822917439519,57.5447656326033,54.7092838685897,2012.452976669,2015.28845843301,66.272843319718
282,283,0.31754639320202,11.1390519431505,104.822917439519,11.1669100027396,104.857355515837,57.8623120258053,57.5447656326033,2015.28845843301,2015.60600482621,4.87501865230491
283,96,0.538803916956502,11.1669100027396,104.857355515837,11.221991273838,104.972782171797,58.4011159427618,57.8623120258053,2015.60600482621,2016.14480874317,14.0175725340867
283,13,2.08988558474601,11.1669100027396,104.857355515837,11.1213793683988,104.892381872681,59.9521976105513,57.8623120258053,2015.60600482621,2017.69589041096,6.35039388854046
282,15,2.28962375876984,11.1390519431505,104.822917439519,11.0220818830855,104.885014710881,59.8343893913731,57.5447656326033,2015.28845843301,2017.57808219178,14.6827848542006
280,284,0.337675997543497,11.8394053495985,105.069759177975,11.8482528187761,105.082577531423,54.2083743290813,53.8706983315378,2011.61439113194,2011.95206712949,1.70898010433434
284,89,0.225528498926282,11.8482528187761,105.082577531423,11.5629861692401,104.960685751303,54.4339028280075,54.2083743290813,2011.95206712949,2012.17759562841,34.4246587574635
284,285,1.17405806954158,11.8482528187761,105.082577531423,11.8330103961561,105.047310701527,55.3824323986228,54.2083743290813,2011.95206712949,2013.12612519903,4.20048902259035
285,144,1.18620356809275,11.8330103961561,105.047310701527,11.6539194268028,105.023739387308,56.5686359667156,55.3824323986228,2013.12612519903,2014.31232876712,20.1019490918308
285,94,2.29579260918864,11.8330103961561,105.047310701527,11.7931917973053,104.92642898438,57.6782250078115,55.3824323986228,2013.12612519903,2015.42191780822,13.8978840693864
274,286,0.305255542309874,11.8691796610982,105.076215382148,11.8656332756817,105.030191575428,53.668176046515,53.3629205042052,2011.10661330461,2011.41186884692,5.02955711963079
286,287,0.310400148905215,11.8656332756817,105.030191575428,11.8886572952295,105.026139084305,53.9785761954203,53.668176046515,2011.41186884692,2011.72226899583,2.60086613189392
287,7,0.41434302602994,11.8886572952295,105.026139084305,11.8887507529329,105.044057117051,54.3929192214502,53.9785761954203,2011.72226899583,2012.13661202186,1.95194532618211
287,135,0.761337561549055,11.8886572952295,105.026139084305,11.9923251647221,105.12393680568,54.7399137569693,53.9785761954203,2011.72226899583,2012.48360655738,15.7049564984169
286,288,4.39355074930855,11.8656332756817,105.030191575428,11.1549751898867,103.730267960218,58.0617267958236,53.668176046515,2011.41186884692,2015.80541959623,162.377453252385
288,116,0.710973846391694,11.1549751898867,103.730267960218,11.2146013719726,103.735329927178,58.7727006422153,58.0617267958236,2015.80541959623,2016.51639344262,6.66079757853952
288,149,1.35622423938507,11.1549751898867,103.730267960218,11.1737172629328,103.744083763285,59.4179510352087,58.0617267958236,2015.80541959623,2017.16164383561,2.57489424090226
257,53,5.78396703596698,11.8272776021056,104.903124860531,12.36436471573,104.666417120868,56.7357592543869,50.9517922184199,2008.69548501883,2014.47945205479,65.1061335822623
256,289,1.53205504272358,11.4220820358986,105.147449832247,11.4291099830023,105.100089994044,48.2072067505305,46.6751517078069,2004.41884450821,2005.95089955094,5.22668708510588
289,187,7.06827853125352,11.4291099830023,105.100089994044,11.912562297726,104.949196604607,55.275485281784,48.2072067505305,2005.95089955094,2013.01917808219,56.2778332131849
289,290,4.95557531636893,11.4291099830023,105.100089994044,11.366661803446,105.150071935991,53.1627820668994,48.2072067505305,2005.95089955094,2010.90647486731,8.83634208737446
290,291,0.366074677611635,11.366661803446,105.150071935991,11.5321033095815,105.123945744655,53.5288567445111,53.1627820668994,2010.90647486731,2011.27254954492,18.6368841215157
291,180,0.850401274753259,11.5321033095815,105.123945744655,11.3602849654831,105.101003792369,54.3792580192643,53.5288567445111,2011.27254954492,2012.12295081967,19.2905827046346
291,159,4.53292990713611,11.5321033095815,105.123945744655,12.4238375023793,105.53032091646,58.0617866516472,53.5288567445111,2011.27254954492,2015.80547945205,108.688490657771
290,292,1.37750284973266,11.366661803446,105.150071935991,11.3424390409807,105.191738646425,54.5402849166321,53.1627820668994,2010.90647486731,2012.28397771704,5.28707802549978
292,107,0.746159269261579,11.3424390409807,105.191738646425,11.371389381028,105.179572303095,55.2864441858937,54.5402849166321,2012.28397771704,2013.0301369863,3.48570356573818
292,293,0.596618322651445,11.3424390409807,105.191738646425,11.2944448893451,105.206931157711,55.1369032392836,54.5402849166321,2012.28397771704,2012.88059603969,5.59435450545595
293,294,0.0226537431381963,11.2944448893451,105.206931157711,11.3011648296773,105.210574315637,55.1595569824217,55.1369032392836,2012.88059603969,2012.90324978283,0.847238238874026
294,200,1.36250364182808,11.3011648296773,105.210574315637,11.2576573597373,105.301631348799,56.5220606242498,55.1595569824217,2012.90324978283,2014.26575342466,11.0581537968766
294,115,1.15428446374597,11.3011648296773,105.210574315637,11.4044624740052,105.279140676641,56.3138414461677,55.1595569824217,2012.90324978283,2014.05753424657,13.7202194158456
293,142,2.32214368633615,11.2944448893451,105.206931157711,11.3342280266431,105.063135441804,57.4590469256197,55.1369032392836,2012.88059603969,2015.20273972603,16.3096181572797
253,295,4.69967624978468,11.6783718077971,105.192032078632,11.6536236911345,105.201482054471,45.8364275266977,41.136751276913,1998.88044407732,2003.5801203271,2.94139494283298
295,296,6.44540942545988,11.6536236911345,105.201482054471,12.0066371065373,105.463445203119,52.2818369521575,45.8364275266977,2003.5801203271,2010.02552975256,48.5707297379328
296,201,4.08953874058536,12.0066371065373,105.463445203119,11.803114910773,105.541726999773,56.3713756927429,52.2818369521575,2010.02552975256,2014.11506849315,24.2084096259498
296,297,1.3758677931964,12.0066371065373,105.463445203119,12.0395660263642,105.448538383918,53.6577047453539,52.2818369521575,2010.02552975256,2011.40139754576,4.00902729066206
297,298,0.509745401366381,12.0395660263642,105.448538383918,12.1041985441851,105.44630183666,54.1674501467203,53.6577047453539,2011.40139754576,2011.91114294713,7.19926038972988
298,1,1.7463912994473,12.1041985441851,105.44630183666,12.0826847416253,105.418997450381,55.9138414461676,54.1674501467203,2011.91114294713,2013.65753424657,3.81704483400837
298,168,1.28611732684466,12.1041985441851,105.44630183666,12.1596928790374,105.394132954701,55.453567473565,54.1674501467203,2011.91114294713,2013.19726027397,8.39075115183722
297,299,0.0487789016652265,12.0395660263642,105.448538383918,12.0328567612635,105.446240121466,53.7064836470192,53.6577047453539,2011.40139754576,2011.45017644743,0.787702435047418
299,44,0.752009344922964,12.0328567612635,105.446240121466,12.5445742976089,105.451903276023,54.4584929919421,53.7064836470192,2011.45017644743,2012.20218579235,56.9697076913423
299,300,3.40638006806745,12.0328567612635,105.446240121466,12.3628155990315,105.460637554135,57.1128637150866,53.7064836470192,2011.45017644743,2014.85655651549,36.7656867705253
300,25,1.7827877468007,12.3628155990315,105.460637554135,12.3836337146521,105.445852088345,58.8956514618873,57.1128637150866,2014.85655651549,2016.63934426229,2.82061906468429
300,195,0.409196909163208,12.3628155990315,105.460637554135,12.3131508334578,105.461755054481,57.5220606242498,57.1128637150866,2014.85655651549,2015.26575342466,5.53020952432097
295,301,1.40190146988369,11.6536236911345,105.201482054471,11.4925403878744,105.259359260716,47.2383289965814,45.8364275266977,2003.5801203271,2004.98202179699,19.0109035372621
301,302,3.37458144614626,11.4925403878744,105.259359260716,11.4820547148859,105.249419942905,50.6129104427276,47.2383289965814,2004.98202179699,2008.35660324313,1.5932202700607
302,6,4.27727653828546,11.4820547148859,105.249419942905,11.3092526681618,105.351801117466,54.8901869810131,50.6129104427276,2008.35660324313,2012.63387978142,22.2461866420831
302,303,2.23729240992344,11.4820547148859,105.249419942905,11.5036888649418,105.279648083474,52.8502028526511,50.6129104427276,2008.35660324313,2010.59389565306,4.08348093993419
303,304,0.809995635670832,11.5036888649418,105.279648083474,11.4050892623475,105.19269145385,53.6601984883219,52.8502028526511,2010.59389565306,2011.40389128873,14.5085088212452
304,305,0.0293960088008767,11.4050892623475,105.19269145385,11.4090960607799,105.195403171981,53.6895944971228,53.6601984883219,2011.40389128873,2011.43328729753,0.535283911894347
305,306,0.174267047742648,11.4090960607799,105.195403171981,11.4589641812652,105.217300300096,53.8638615448654,53.6895944971228,2011.43328729753,2011.60755434527,6.04384098310177
306,78,0.463483906093078,11.4589641812652,105.217300300096,11.4886153435452,105.184194347807,54.3273454509585,53.8638615448654,2011.60755434527,2012.07103825136,4.89296931082173
306,181,2.83354154513779,11.4589641812652,105.217300300096,11.2513949593591,105.107011793703,56.6974030900032,53.8638615448654,2011.60755434527,2014.44109589041,26.0547787554816
305,307,0.825527829850706,11.4090960607799,105.195403171981,11.2177127409874,105.197869278805,54.5151223269735,53.6895944971228,2011.43328729753,2012.25881512738,21.3072327686859
307,119,1.83981500960506,11.2177127409874,105.197869278805,11.2003738945553,105.177930072405,56.3549373365785,54.5151223269735,2012.25881512738,2014.09863013698,2.90976075650657
307,74,0.782280763029874,11.2177127409874,105.197869278805,11.2185896950676,105.193076152986,55.2974030900033,54.5151223269735,2012.25881512738,2013.04109589041,0.532421314843989
304,8,0.648021279576493,11.4050892623475,105.19269145385,11.4747487330604,105.178853596918,54.3082197678984,53.6601984883219,2011.40389128873,2012.0519125683,7.90038407926722
303,308,1.73215084528299,11.5036888649418,105.279648083474,11.5493251628069,104.994354910015,54.582353697934,52.8502028526511,2010.59389565306,2012.32604649834,31.5313904074585
308,309,3.10650657984434,11.5493251628069,104.994354910015,11.4036412654522,104.866671000338,57.6888602777784,54.582353697934,2012.32604649834,2015.43255307818,21.3792761509519
309,191,1.80580308619743,11.4036412654522,104.866671000338,11.358881365187,104.862541745344,59.4946633639758,57.6888602777784,2015.43255307818,2017.23835616438,5.00318192275747
309,66,1.2559715119779,11.4036412654522,104.866671000338,11.3290930667031,104.822397789709,58.9448317897563,57.6888602777784,2015.43255307818,2016.68852459016,9.60320353543534
308,138,3.91165841969096,11.5493251628069,104.994354910015,11.7849307667625,105.147947134984,58.494012117625,54.582353697934,2012.32604649834,2016.23770491803,31.1181179183423
301,61,8.51660833999727,11.4925403878744,105.259359260716,11.4015661747963,105.048761084306,55.7549373365786,47.2383289965814,2004.98202179699,2013.49863013698,25.1111217934328
252,310,5.64145948233263,11.6751710239525,105.191028034477,11.6457358493818,105.190167044272,46.6295092873157,40.9880498049831,1998.73174260539,2004.37320208772,3.27818186235876
310,311,7.88757099545452,11.6457358493818,105.190167044272,11.3867096490386,105.140789877052,54.5170802827702,46.6295092873157,2004.37320208772,2012.26077308318,29.3345254077885
311,95,5.39402143737005,11.3867096490386,105.140789877052,11.4008030645173,105.291572885038,59.9111017201403,54.5170802827702,2012.26077308318,2017.65479452055,16.5295738504765
311,5,0.706440031576117,11.3867096490386,105.140789877052,11.2127205940921,104.826473734097,55.2235203143463,54.5170802827702,2012.26077308318,2012.96721311475,39.4020015883211
310,312,2.21857460531498,11.6457358493818,105.190167044272,11.7257742319686,105.152981992154,48.8480838926307,46.6295092873157,2004.37320208772,2006.59177669304,9.78899959389756
312,64,6.30986265122395,11.7257742319686,105.152981992154,12.1203869592509,105.397952690574,55.1579465438546,48.8480838926307,2006.59177669304,2012.90163934426,51.3983845646624
312,313,1.44582381503097,11.7257742319686,105.152981992154,11.7522649556695,105.23244031356,50.2939077076616,48.8480838926307,2006.59177669304,2008.03760050807,9.14892574549059
313,314,3.00441759128012,11.7522649556695,105.23244031356,11.8223945306112,105.255969127191,53.2983252989418,50.2939077076616,2008.03760050807,2011.04201809935,8.2173761280731
314,315,0.495598284832815,11.8223945306112,105.255969127191,11.79615304105,105.245914069134,53.7939235837746,53.2983252989418,2011.04201809935,2011.53761638418,3.12001981772078
315,316,0.407245682912134,11.79615304105,105.245914069134,11.7251771354998,105.214195109987,54.2011692666867,53.7939235837746,2011.53761638418,2011.94486206709,8.62445660546532
316,46,0.904864708861827,11.7251771354998,105.214195109987,11.6306888368551,105.188613801238,55.1060339755485,54.2011692666867,2011.94486206709,2012.84972677595,10.8822321401771
316,317,1.2239910441756,11.7251771354998,105.214195109987,11.7420644296648,105.245116018031,55.4251603108623,54.2011692666867,2011.94486206709,2013.16885311127,3.85917111062992
317,128,0.86676332708609,11.7420644296648,105.245116018031,11.7973768929483,104.604635358517,56.2919236379484,55.4251603108623,2013.16885311127,2014.03561643835,70.0727641902844
317,186,0.0393660668121072,11.7420644296648,105.245116018031,11.7518692309734,105.238382096903,55.4645263776744,55.4251603108623,2013.16885311127,2013.20821917808,1.31532014286627
315,68,5.50347950622876,11.79615304105,105.245914069134,11.6865553860408,105.254280431485,59.2974030900033,53.7939235837746,2011.53761638418,2017.04109589041,12.2348649600347
314,45,1.14377425037739,11.8223945306112,105.255969127191,11.8210859463043,105.208092644678,54.4420995493192,53.2983252989418,2011.04201809935,2012.18579234973,5.21878255527662
313,167,7.70486524535542,11.7522649556695,105.23244031356,11.6933002595926,105.537197457408,57.9987729530171,50.2939077076616,2008.03760050807,2015.74246575342,33.8614399920014
250,318,2.019158497514,11.3032583475784,104.859299131392,10.6483338693952,103.956335082703,35.8935280160106,33.8743695184966,1991.6180623189,1993.63722081642,122.694049406005
318,319,12.1635772899703,10.6483338693952,103.956335082703,10.7154926836174,104.154687521431,48.0571053059809,35.8935280160106,1993.63722081642,2005.80079810639,22.9506139460971
319,154,10.0293388799127,10.7154926836174,104.154687521431,10.9126641724014,104.007232691599,58.0864441858936,48.0571053059809,2005.80079810639,2015.8301369863,27.2354936229866
319,109,7.50605120867997,10.7154926836174,104.154687521431,10.6829043558708,104.546500643394,55.5631565146609,48.0571053059809,2005.80079810639,2013.30684931507,43.0131311231357
318,320,0.0517625316958394,10.6483338693952,103.956335082703,10.6667969765526,103.97361320656,35.9452905477065,35.8935280160106,1993.63722081642,1993.68898334811,2.79245304409649
320,321,3.26892815596209,10.6667969765526,103.97361320656,10.825302593898,103.791435282399,39.2142187036686,35.9452905477065,1993.68898334811,1996.95791150407,26.615245258721
321,322,14.1570889904605,10.825302593898,103.791435282399,10.7725080567989,103.843383256648,53.3713076941291,39.2142187036686,1996.95791150407,2011.11500049454,8.17387264808622
322,112,4.23020498491528,10.7725080567989,103.843383256648,10.5802434030801,103.794905468253,57.6015126790443,53.3713076941291,2011.11500049454,2015.34520547945,22.0508764486197
322,88,0.915054150272086,10.7725080567989,103.843383256648,10.7014533152491,103.981425824935,54.2863618444011,53.3713076941291,2011.11500049454,2012.03005464481,17.0449671119816
321,163,2.09962274249915,10.825302593898,103.791435282399,10.5459524219711,103.658622352086,41.3138414461677,39.2142187036686,1996.95791150407,1999.05753424657,34.3248354392706
320,323,11.8017897775826,10.6667969765526,103.97361320656,10.5006922194548,103.764273589455,47.7470803252891,35.9452905477065,1993.68898334811,2005.4907731257,29.4399413407875
323,41,6.85895365025948,10.5006922194548,103.764273589455,10.690329857269,103.811923886956,54.6060339755485,47.7470803252891,2005.4907731257,2012.34972677595,21.7455776166289
323,324,5.15218598792346,10.5006922194548,103.764273589455,10.8644730789433,104.03869851798,52.8992663132125,47.7470803252891,2005.4907731257,2010.64295911362,50.4111031405683
324,69,6.42553403706462,10.8644730789433,104.03869851798,10.7585329861051,103.826117838507,59.3248003502771,52.8992663132125,2010.64295911362,2017.06849315068,26.0659019871641
324,120,4.70498609185917,10.8644730789433,104.03869851798,10.6373767671481,103.98463847823,57.6042524050717,52.8992663132125,2010.64295911362,2015.34794520548,25.9634201632421
249,325,14.5545771407561,11.4957623257119,104.778523149054,10.7442554370362,104.409682418895,39.9927624918774,25.4381853511213,1983.18187815153,1997.73645529228,92.8566284702431
325,77,1.18409265292039,10.7442554370362,104.409682418895,10.8519378003554,104.471019625999,41.1768551447978,39.9927624918774,1997.73645529228,1998.9205479452,13.7365221546757
325,326,1.64672268614624,10.7442554370362,104.409682418895,11.1658637862586,104.13038968889,41.6394851780236,39.9927624918774,1997.73645529228,1999.38317797843,55.9883300756834
326,327,3.84626163596949,11.1658637862586,104.13038968889,11.1690127393476,104.183258009235,45.4857468139931,41.6394851780236,1999.38317797843,2003.2294396144,5.78469786091327
327,328,0.846377146416373,11.1690127393476,104.183258009235,11.136656998628,104.149227053463,46.3321239604095,45.4857468139931,2003.2294396144,2004.07581676082,5.17586641425967
328,57,10.7926763898678,11.136656998628,104.149227053463,10.909853631401,104.297083682766,57.1248003502773,46.3321239604095,2004.07581676082,2014.86849315068,29.9752943237343
328,329,2.4844357591217,11.136656998628,104.149227053463,11.2371024105267,104.263094928631,48.8165597195312,46.3321239604095,2004.07581676082,2006.56025251994,16.7234752809469
329,31,8.26988446636244,11.2371024105267,104.263094928631,11.4828895604898,104.18408935116,57.0864441858936,48.8165597195312,2006.56025251994,2014.8301369863,28.6885352787767
329,30,5.66925567678242,11.2371024105267,104.263094928631,10.9717382104789,104.013853837609,54.4858153963136,48.8165597195312,2006.56025251994,2012.22950819672,40.1746313513454
327,330,2.03887183445718,11.1690127393476,104.183258009235,11.0579758017138,104.197732935239,47.5246186484503,45.4857468139931,2003.2294396144,2005.26831144886,12.4617815198363
330,331,0.0657230158548021,11.0579758017138,104.197732935239,11.0199722629259,104.195919060586,47.5903416643051,47.5246186484503,2005.26831144886,2005.33403446471,4.23534076037483
331,332,1.16789223053208,11.0199722629259,104.195919060586,11.0137756338282,104.192589370072,48.7582338948372,47.5903416643051,2005.33403446471,2006.50192669524,0.779904391540012
332,333,4.66457186585529,11.0137756338282,104.192589370072,11.5829653977883,103.943044903862,53.4228057606925,48.7582338948372,2006.50192669524,2011.1664985611,68.972178695683
333,62,1.83076919846269,11.5829653977883,103.943044903862,11.7260799962474,104.044910439312,55.2535749591552,53.4228057606925,2011.1664985611,2012.99726775956,19.4211254933368
333,334,2.39468867868992,11.5829653977883,103.943044903862,11.5123758449215,104.089909050469,55.8174944393824,53.4228057606925,2011.1664985611,2013.56118723979,17.8422735329317
334,35,2.69564336130271,11.5123758449215,104.089909050469,11.3738533217041,104.169580241634,58.5131378006851,55.8174944393824,2013.56118723979,2016.25683060109,17.7022961824414
334,20,2.38127851363448,11.5123758449215,104.089909050469,11.7279901425218,104.15646171806,58.1987729530169,55.8174944393824,2013.56118723979,2015.94246575342,25.0760762856902
332,335,4.47601378053329,11.0137756338282,104.192589370072,11.581780395256,104.439515466124,53.2342476753705,48.7582338948372,2006.50192669524,2010.97794047578,68.7384334236901
335,139,5.63134914170822,11.581780395256,104.439515466124,11.6759692401096,104.519778224395,58.8655968170787,53.2342476753705,2010.97794047578,2016.60928961749,13.6578998601505
335,336,0.522286668561186,11.581780395256,104.439515466124,11.5669903852603,104.440518723214,53.7565343439317,53.2342476753705,2010.97794047578,2011.50022714434,1.65011271379372
336,84,1.15551056057863,11.5669903852603,104.440518723214,11.4529271541114,104.483332921951,54.9120449045103,53.7565343439317,2011.50022714434,2012.65573770492,13.5296255361115
336,151,5.79018381456483,11.5669903852603,104.440518723214,12.6450661763768,105.355570825571,59.5467181584965,53.7565343439317,2011.50022714434,2017.2904109589,155.961216257446
331,337,0.233067339636651,11.0199722629259,104.195919060586,11.273561510064,104.264026500862,47.8234090039418,47.5903416643051,2005.33403446471,2005.56710180435,29.1941963731829
337,338,1.4417458452965,11.273561510064,104.264026500862,11.0807157107567,104.443518605636,49.2651548492383,47.8234090039418,2005.56710180435,2007.00884764964,29.071587461817
338,339,0.369588543019891,11.0807157107567,104.443518605636,10.9023209871237,104.420318508367,49.6347433922582,49.2651548492383,2007.00884764964,2007.37843619266,20.0207726737385
339,175,5.38932337017569,10.9023209871237,104.420318508367,10.7700551873568,104.348607082912,55.0240667624338,49.6347433922582,2007.37843619266,2012.76775956284,16.6818764198191
339,110,4.71992446307182,10.9023209871237,104.420318508367,10.6379317074836,104.300509501811,54.35466785533,49.6347433922582,2007.37843619266,2012.09836065574,32.2175616045431
338,340,4.24698130231925,11.0807157107567,104.443518605636,10.6578864896651,104.347943027952,53.5121361515575,49.2651548492383,2007.00884764964,2011.25582895196,48.2167812914678
340,111,1.07203990049379,10.6578864896651,104.347943027952,10.5584677266938,104.396263298371,54.5841760520513,53.5121361515575,2011.25582895196,2012.32786885246,12.2657543716417
340,101,1.85649981515803,10.6578864896651,104.347943027952,10.7820883872403,104.355194980828,55.3686359667155,53.5121361515575,2011.25582895196,2013.11232876712,13.8493708586756
337,48,11.5150899764724,11.273561510064,104.264026500862,11.536175379286,103.813898234369,59.3384989804142,47.8234090039418,2005.56710180435,2017.08219178082,57.1622378378891
330,341,2.6570373674512,11.0579758017138,104.197732935239,11.1706116208798,104.425271258238,50.1816560159015,47.5246186484503,2005.26831144886,2007.92534881631,27.8391236220456
341,85,5.38971967684144,11.1706116208798,104.425271258238,11.1045438519025,104.446531870654,55.5713756927429,50.1816560159015,2007.92534881631,2013.31506849315,7.71282258924998
341,342,3.72837545432535,11.1706116208798,104.425271258238,11.369409103943,104.62567904264,53.9100314702269,50.1816560159015,2007.92534881631,2011.65372427063,31.1208821334355
342,152,6.10791956498194,11.369409103943,104.62567904264,10.8696268194612,104.41521115097,60.0179510352088,53.9100314702269,2011.65372427063,2017.76164383562,60.2005088562646
342,114,3.56819353758457,11.369409103943,104.62567904264,11.166162145608,105.056738012231,57.4782250078114,53.9100314702269,2011.65372427063,2015.22191780822,52.2187030564311
326,343,10.1642260098443,11.1658637862586,104.13038968889,11.2053322004674,104.254353196517,51.8037111878679,41.6394851780236,1999.38317797843,2009.54740398827,14.2331078463016
343,344,2.42072380557971,11.2053322004674,104.254353196517,11.2222672019636,103.982713811519,54.2244349934477,51.8037111878679,2009.54740398827,2011.96812779385,29.7224669642249
344,24,3.9113242609391,11.2222672019636,103.982713811519,11.2226615820866,103.905840261051,58.1357592543868,54.2244349934477,2011.96812779385,2015.87945205479,8.39434054178819
344,345,1.02703826174133,11.2222672019636,103.982713811519,11.5239970066365,103.859385313536,55.251473255189,54.2244349934477,2011.96812779385,2012.9951660556,36.1861303132006
345,346,3.79146016863625,11.5239970066365,103.859385313536,11.4730873721378,103.810619939321,59.0429334238252,55.251473255189,2012.9951660556,2016.78662622423,7.77304844498985
346,132,0.857209392205381,11.4730873721378,103.810619939321,11.3606675483651,103.801360563577,59.9001428160306,59.0429334238252,2016.78662622423,2017.64383561644,12.5557305645156
346,131,0.906524460698496,11.4730873721378,103.810619939321,11.4358514132015,103.803509161767,59.9494578845237,59.0429334238252,2016.78662622423,2017.69315068493,4.21722934842404
345,347,2.44054277306296,11.5239970066365,103.859385313536,11.4980979187607,103.876715009036,57.6920160282519,55.251473255189,2012.9951660556,2015.43570882866,3.44766549371716
347,179,1.59442815764174,11.4980979187607,103.876715009036,11.4926095274796,103.915019492849,59.2864441858937,57.6920160282519,2015.43570882866,2017.0301369863,4.22309924310494
347,196,1.28013816587583,11.4980979187607,103.876715009036,11.2641452664679,103.767893236031,58.9721541941278,57.6920160282519,2015.43570882866,2016.71584699453,28.6244955225603
343,172,5.80054121720374,11.2053322004674,104.254353196517,11.4240032296097,104.22988698794,57.6042524050717,51.8037111878679,2009.54740398827,2015.34794520548,24.4893722317929
246,348,23.3674316216458,11.5944720240432,105.245288438862,11.6174964745875,105.301590435848,43.8671113304411,20.4996797087953,1978.2433725092,2001.61080413085,6.65316631597009
348,349,0.539246884200345,11.6174964745875,105.301590435848,11.5456249723062,105.295066787324,44.4063582146415,43.8671113304411,2001.61080413085,2002.15005101505,8.0325828030288
349,350,0.749366878112106,11.5456249723062,105.295066787324,11.5090157437617,105.194660904742,45.1557250927536,44.4063582146415,2002.15005101505,2002.89941789316,11.6858185931341
350,351,2.13332342638597,11.5090157437617,105.194660904742,11.7594226903759,105.324109364137,47.2890485191395,45.1557250927536,2002.89941789316,2005.03274131955,31.2459444868349
351,352,6.19940664820892,11.7594226903759,105.324109364137,11.755570868667,105.347586959259,53.4884551673485,47.2890485191395,2005.03274131955,2011.23214796775,2.59446031987475
352,188,0.79517443661532,11.755570868667,105.347586959259,11.695449291117,105.34839054782,54.2836296039638,53.4884551673485,2011.23214796775,2012.02732240437,6.6935399168438
352,173,4.73771504594245,11.755570868667,105.347586959259,11.3268774056277,105.073784120482,58.2261702132909,53.4884551673485,2011.23214796775,2015.9698630137,56.2978356027684
351,353,3.24341338537903,11.7594226903759,105.324109364137,11.8819636379724,105.296398553699,50.5324619045186,47.2890485191395,2005.03274131955,2008.27615470492,13.9718995559481
353,354,3.08040060935214,11.8819636379724,105.296398553699,11.8313954042379,105.203721732491,53.6128625138707,50.5324619045186,2008.27615470492,2011.35655531428,11.5603017283673
354,83,2.26536249394081,11.8313954042379,105.203721732491,11.8077813058795,105.22137732639,55.8782250078115,53.6128625138707,2011.35655531428,2013.62191780822,3.2575640440963
354,164,2.63248578161193,11.8313954042379,105.203721732491,11.7960431017597,105.166093517861,56.2453482954826,53.6128625138707,2011.35655531428,2013.98904109589,5.68332263796749
353,90,7.33480419918329,11.8819636379724,105.296398553699,12.0918535150915,105.461085651916,57.8672661037019,50.5324619045186,2008.27615470492,2015.61095890411,29.4547235442352
350,355,2.86262796560044,11.5090157437617,105.194660904742,11.6567259869908,105.120179504723,48.018353058354,45.1557250927536,2002.89941789316,2005.76204585876,18.3404674404493
355,356,4.03108612113959,11.6567259869908,105.120179504723,11.582776175381,105.037850245179,52.0494391794936,48.018353058354,2005.76204585876,2009.7931319799,12.1805331813488
356,108,4.35481322557805,11.582776175381,105.037850245179,11.5007441533572,104.943578953188,56.4042524050716,52.0494391794936,2009.7931319799,2014.14794520548,13.7522395699698
356,357,6.3238358614349,11.582776175381,105.037850245179,11.427926164921,105.231607582936,58.3732750409285,52.0494391794936,2009.7931319799,2016.11696784133,27.2747655824008
357,358,0.674951287026447,11.427926164921,105.231607582936,11.337471865392,104.901560174984,59.0482263279549,58.3732750409285,2016.11696784133,2016.79191912836,37.4005464863675
358,359,1.04875017149139,11.337471865392,104.901560174984,11.3127733200685,104.930018433695,60.0969764994463,59.0482263279549,2016.79191912836,2017.84066929985,4.14845243030031
359,34,0.126453987817213,11.3127733200685,104.930018433695,11.3038057430088,104.925700652327,60.2234304872636,60.0969764994463,2017.84066929985,2017.96712328767,1.10398167521574
359,160,0.047001933022712,11.3127733200685,104.930018433695,11.2977023536919,104.938518121641,60.1439784324691,60.0969764994463,2017.84066929985,2017.88767123288,1.91723611154426
358,113,0.503971282596267,11.337471865392,104.901560174984,11.3035153297049,104.963892187728,59.5521976105512,59.0482263279549,2016.79191912836,2017.29589041096,7.78361399080006
357,58,0.924128049074839,11.427926164921,105.231607582936,11.0100976919822,105.189201480302,59.2974030900033,58.3732750409285,2016.11696784133,2017.04109589041,46.7442070867594
355,360,6.42756486678159,11.6567259869908,105.120179504723,11.6949489114429,104.96578396948,54.4459179251356,48.018353058354,2005.76204585876,2012.18961072554,17.3617700945573
360,171,4.76120894658775,11.6949489114429,104.96578396948,11.7368680604833,105.137234495328,59.2071268717233,54.4459179251356,2012.18961072554,2016.95081967213,19.2627098934754
360,38,0.545361952052279,11.6949489114429,104.96578396948,11.5917302898565,105.065134989817,54.9912798771879,54.4459179251356,2012.18961072554,2012.73497267759,15.7917796074185
349,361,9.17846307750876,11.5456249723062,105.295066787324,11.5198908854387,105.338466384862,53.5848212921502,44.4063582146415,2002.15005101505,2011.32851409256,5.53323471736357
361,148,4.33449960607211,11.5198908854387,105.338466384862,11.5274949320315,105.251563797215,57.9193208982223,53.5848212921502,2011.32851409256,2015.66301369863,9.51704108340569
361,362,0.86575841756575,11.5198908854387,105.338466384862,11.4796273807121,105.316284587451,54.450579709716,53.5848212921502,2011.32851409256,2012.19427251012,5.09375223986663
362,70,4.46419743523146,11.4796273807121,105.316284587451,11.7889763977595,104.81372814536,58.9147771449474,54.450579709716,2012.19427251012,2016.65846994535,64.7200365170081
362,363,0.192938991264882,11.4796273807121,105.316284587451,11.4594527753612,105.302614160378,54.6435187009809,54.450579709716,2012.19427251012,2012.38721150139,2.69602881692074
363,364,0.854368216100786,11.4594527753612,105.302614160378,11.4902905719883,105.303001367035,55.4978869170816,54.6435187009809,2012.38721150139,2013.24157971749,3.43324281079492
364,365,0.065220505269429,11.4902905719883,105.303001367035,11.5063951175225,105.318391631628,55.5631074223511,55.4978869170816,2013.24157971749,2013.30680022276,2.45621102493988
365,366,0.163582135495764,11.5063951175225,105.318391631628,11.5361866665497,105.321147714361,55.7266895578468,55.5631074223511,2013.30680022276,2013.47038235825,3.33010873202961
366,33,2.90939906251055,11.5361866665497,105.321147714361,11.6378135444204,105.373525869578,58.6360886203574,55.7266895578468,2013.47038235825,2016.37978142076,12.6737291298755
366,10,3.25366135759254,11.5361866665497,105.321147714361,11.7722974327018,105.207611318475,58.9803509154394,55.7266895578468,2013.47038235825,2016.72404371585,29.0537764621029
365,367,0.274100061335274,11.5063951175225,105.318391631628,11.4985452326563,105.311737078456,55.8372074836863,55.5631074223511,2013.30680022276,2013.58090028409,1.13606476679019
367,368,0.615124574014713,11.4985452326563,105.311737078456,11.5108642297329,105.319585616357,56.4523320577011,55.8372074836863,2013.58090028409,2014.19602485811,1.61671556821836
368,143,1.12726281312419,11.5108642297329,105.319585616357,11.6093926222949,105.366753315416,57.5795948708252,56.4523320577011,2014.19602485811,2015.32328767123,12.1150301053152
368,141,0.891646374768039,11.5108642297329,105.319585616357,11.5419662479572,105.183032330147,57.3439784324691,56.4523320577011,2014.19602485811,2015.08767123288,15.2921915240257
367,146,1.36156546933054,11.4985452326563,105.311737078456,11.8101381505582,105.317701936996,57.1987729530169,55.8372074836863,2013.58090028409,2014.94246575342,34.6938258731706
364,194,1.96389973456541,11.4902905719883,105.303001367035,11.5038640457365,105.305748791561,57.4617866516471,55.4978869170816,2013.24157971749,2015.20547945205,1.54048931506878
363,92,0.936076169844387,11.4594527753612,105.302614160378,11.4095988577943,105.305401991774,55.5795948708252,54.6435187009809,2012.38721150139,2013.32328767123,5.55826126835073
348,369,2.10892055923455,11.6174964745875,105.301590435848,11.5935958587187,105.122247674837,45.9760318896757,43.8671113304411,2001.61080413085,2003.71972469008,19.7371223577754
369,22,8.78573979079088,11.5935958587187,105.122247674837,10.7869658533368,105.385219672168,54.7617716804666,45.9760318896757,2003.71972469008,2012.50546448087,94.2776157059005
369,370,1.81486584940823,11.5935958587187,105.122247674837,11.9261761364837,105.166855513141,47.7908977390839,45.9760318896757,2003.71972469008,2005.53459053949,37.3419558432009
370,371,5.00466825475079,11.9261761364837,105.166855513141,12.0404441836039,105.200013969477,52.7955659938347,47.7908977390839,2005.53459053949,2010.53925879424,13.2233229183122
371,372,0.28684623738614,12.0404441836039,105.200013969477,12.0187718724297,105.208981609475,53.0824122312208,52.7955659938347,2010.53925879424,2010.82610503163,2.60272840692138
372,118,1.31050699022937,12.0187718724297,105.208981609475,11.9532782446563,105.27488471497,54.3929192214502,53.0824122312208,2010.82610503163,2012.13661202186,10.2304876521192
372,37,3.01773058480983,12.0187718724297,105.208981609475,11.5546709284055,105.329509176744,56.1001428160307,53.0824122312208,2010.82610503163,2013.84383561644,53.3089498213871
371,91,1.53997617843518,12.0404441836039,105.200013969477,11.99926648292,105.238631456431,54.3355421722699,52.7955659938347,2010.53925879424,2012.07923497268,6.22044246942237
370,373,5.76490647963149,11.9261761364837,105.166855513141,11.8173395923868,105.182403848338,53.5558042187154,47.7908977390839,2005.53459053949,2011.29949701912,12.2339377303661
373,106,2.61009202197276,11.8173395923868,105.182403848338,11.9434020103509,105.169950601827,56.1658962406881,53.5558042187154,2011.29949701912,2013.90958904109,14.0991776766671
373,153,2.06214681649332,11.8173395923868,105.182403848338,11.633613644846,105.209015723492,55.6179510352087,53.5558042187154,2011.29949701912,2013.36164383562,20.657753597769
205,374,10.8037137016183,11.3318262222565,105.086918221507,10.9129342160553,105.284782607547,20.3622317136781,9.55851801205983,1967.30221081247,1978.10592451408,51.3978542423147
374,375,17.9978385448669,10.9129342160553,105.284782607547,10.9404584501786,105.286226841746,38.360070258545,20.3622317136781,1978.10592451408,1996.10376305895,3.06816816456456
375,376,11.3531903641224,10.9404584501786,105.286226841746,10.7561427470149,105.377493357858,49.7132606226674,38.360070258545,1996.10376305895,2007.45695342307,22.8164490352481
376,377,0.94955076465979,10.7561427470149,105.377493357858,10.9567275245715,105.542319393542,50.6628113873272,49.7132606226674,2007.45695342307,2008.40650418773,28.6943765876251
377,28,7.40993416842942,10.9567275245715,105.542319393542,10.575968279893,105.297269830659,58.0727455557566,50.6628113873272,2008.40650418773,2015.81643835616,50.1490478016843
377,378,1.16284392841774,10.9567275245715,105.542319393542,11.1045747682819,105.509505924501,51.8256553157449,50.6628113873272,2008.40650418773,2009.56934811615,16.8449289026942
378,379,1.28558959625685,11.1045747682819,105.509505924501,11.1916814528292,105.474668231936,53.1112449120018,51.8256553157449,2009.56934811615,2010.85493771241,10.4168863942714
379,380,0.278290546458598,11.1916814528292,105.474668231936,11.0823454978514,105.325592055585,53.3895354584604,53.1112449120018,2010.85493771241,2011.13322825887,20.329610947688
380,381,0.797703155595774,11.0823454978514,105.325592055585,11.0348526723965,105.278737805115,54.1872386140562,53.3895354584604,2011.13322825887,2011.93093141446,7.35927290841496
381,29,0.82863142706608,11.0348526723965,105.278737805115,11.0254589398204,105.296656312677,55.0158700411222,54.1872386140562,2011.93093141446,2012.75956284153,2.2196821297174
381,134,2.35947954444034,11.0348526723965,105.278737805115,11.0320460849798,105.248921881699,56.5467181584965,54.1872386140562,2011.93093141446,2014.2904109589,3.27281794984329
380,382,0.601319004861177,11.0823454978514,105.325592055585,11.0098112602778,105.355513103558,53.9908544633216,53.3895354584604,2011.13322825887,2011.73454726373,8.7114890331018
382,383,0.27185759302904,11.0098112602778,105.355513103558,10.9982447486073,105.309835474766,54.2627120563506,53.9908544633216,2011.73454726373,2012.00640485676,5.15492219414505
383,384,0.510073587472627,10.9982447486073,105.309835474766,10.9777490001899,105.314095152477,54.7727856438232,54.2627120563506,2012.00640485676,2012.51647844423,2.32866912068272
384,87,4.56845306261828,10.9777490001899,105.314095152477,11.1470797574068,105.251155509949,59.3412387064415,54.7727856438232,2012.51647844423,2017.08493150685,20.0656308389873
384,385,0.036142794582732,10.9777490001899,105.314095152477,11.0241791757403,105.289624413775,54.808928438406,54.7727856438232,2012.51647844423,2012.55262123881,5.81955871761602
385,386,0.0595758466426419,11.0241791757403,105.289624413775,11.019808969589,105.298083883256,54.8685042850486,54.808928438406,2012.55262123881,2012.61219708545,1.04458082819203
386,145,0.25392313312292,11.019808969589,105.298083883256,11.0746940551571,105.353417246792,55.1224274181715,54.8685042850486,2012.61219708545,2012.86612021858,8.59556700258387
386,117,4.02168269596447,11.019808969589,105.298083883256,10.843154273394,105.369203040712,58.8901869810131,54.8685042850486,2012.61219708545,2016.63387978142,21.146531709773
385,387,1.41836407983934,11.0241791757403,105.289624413775,10.9488461112318,105.231124600963,56.2272925182453,54.808928438406,2012.55262123881,2013.97098531865,10.5452579868989
387,104,3.62627495531955,10.9488461112318,105.231124600963,11.1987913372819,105.428248715694,59.8535674735649,56.2272925182453,2013.97098531865,2017.59726027397,35.1855486534092
387,73,0.563261256689422,10.9488461112318,105.231124600963,10.9412319518287,105.306262991805,56.7905537749347,56.2272925182453,2013.97098531865,2014.53424657534,8.25616831497819
383,388,0.0676970949010602,10.9982447486073,105.309835474766,10.9940129360508,105.313760506268,54.3304091512517,54.2627120563506,2012.00640485676,2012.07410195166,0.637114998003523
388,56,1.83548708943648,10.9940129360508,105.313760506268,10.9501798373682,105.313015971822,56.1658962406881,54.3304091512517,2012.07410195166,2013.90958904109,4.88034862471019
388,43,0.93137750039535,10.9940129360508,105.313760506268,11.0153394733038,105.361611428619,55.261786651647,54.3304091512517,2012.07410195166,2013.00547945205,5.7427344176483
382,76,1.32024725681879,11.0098112602778,105.355513103558,11.0284099437503,105.503023323205,55.3111017201404,53.9908544633216,2011.73454726373,2013.05479452055,16.2510896542971
379,389,0.35391788369255,11.1916814528292,105.474668231936,11.1750378309092,105.472809761802,53.4651627956943,53.1112449120018,2010.85493771241,2011.2088555961,1.86391582608344
389,75,2.44867865047328,11.1750378309092,105.472809761802,12.2638669998507,105.867223009793,55.9138414461676,53.4651627956943,2011.2088555961,2013.65753424657,128.610998168592
389,9,1.69278374816028,11.1750378309092,105.472809761802,11.2959407980391,105.545365540543,55.1579465438546,53.4651627956943,2011.2088555961,2012.90163934426,15.6179156207225
378,203,2.78584314067785,11.1045747682819,105.509505924501,11.2623564281974,105.378617184011,54.6114984564228,51.8256553157449,2009.56934811615,2012.35519125683,22.6462559191551
376,390,0.597977377601525,10.7561427470149,105.377493357858,10.7236192493204,105.418261900387,50.3112380002689,49.7132606226674,2007.45695342307,2008.05493080068,5.74385207804406
390,391,2.826616242164,10.7236192493204,105.418261900387,10.5727589969289,105.40095244218,53.1378542424329,50.3112380002689,2008.05493080068,2010.88154704284,16.9007834737549
391,392,1.62582586822526,10.5727589969289,105.40095244218,10.582678052542,105.094055591962,54.7636801106582,53.1378542424329,2010.88154704284,2012.50737291106,33.6025209186929
392,393,0.755286636688148,10.582678052542,105.094055591962,10.5517367152905,105.102773265881,55.5189667473463,54.7636801106582,2012.50737291106,2013.26265954775,3.57418681937844
393,79,1.17295689060215,10.5517367152905,105.102773265881,10.6658034082016,105.124040879212,56.6919236379485,55.5189667473463,2013.26265954775,2014.43561643835,12.909821572088
393,133,1.49898428786245,10.5517367152905,105.102773265881,10.8273296739571,105.068108116076,57.0179510352088,55.5189667473463,2013.26265954775,2014.76164383562,30.9135396853402
392,394,0.442001244792483,10.582678052542,105.094055591962,10.5801956114093,105.055158938899,55.2056813554507,54.7636801106582,2012.50737291106,2012.94937415586,4.26545357406399
394,137,4.11363954277175,10.5801956114093,105.055158938899,10.5394911999191,104.963716855745,59.3193208982224,55.2056813554507,2012.94937415586,2017.06301369863,10.9854022975901
394,23,0.110899816744396,10.5801956114093,105.055158938899,10.6567070872244,105.054322241551,55.3165811721951,55.2056813554507,2012.94937415586,2013.0602739726,8.5180456941494
391,395,3.41601230600733,10.5727589969289,105.40095244218,10.4912218323795,105.514762769705,56.5538665484403,53.1378542424329,2010.88154704284,2014.29755934885,15.4127658845605
395,396,0.32972074938135,10.4912218323795,105.514762769705,10.4874576089987,105.497729321633,56.8835872978216,56.5538665484403,2014.29755934885,2014.62728009823,1.91105068164914
396,198,0.775459627798129,10.4874576089987,105.497729321633,10.4677018548681,105.520466984803,57.6590469256197,56.8835872978216,2014.62728009823,2015.40273972603,3.32147240558013
396,129,1.13710346341453,10.4874576089987,105.497729321633,10.6232088520287,105.482101377508,58.0206907612362,56.8835872978216,2014.62728009823,2015.76438356164,15.2088279503075
395,397,0.747200943567895,10.4912218323795,105.514762769705,10.4371372180538,105.446686798925,57.3010674920082,56.5538665484403,2014.29755934885,2015.04476029241,9.5807203169989
397,19,2.88126710484435,10.4371372180538,105.446686798925,10.3914857321034,105.231600957114,60.1823345968525,57.3010674920082,2015.04476029241,2017.92602739726,24.0918650821569
397,27,0.105924639091066,10.4371372180538,105.446686798925,10.4695934743739,105.433926898463,57.4069921310992,57.3010674920082,2015.04476029241,2015.15068493151,3.87378915727485
390,398,0.147421717146083,10.7236192493204,105.418261900387,10.7101353766073,105.421236293539,50.458659717415,50.3112380002689,2008.05493080068,2008.20235251782,1.53593021424295
398,93,8.87709953697178,10.7101353766073,105.421236293539,11.0062877622616,105.462737317298,59.3357592543868,50.458659717415,2008.20235251782,2017.07945205479,33.2795906576838
398,105,8.41240158053794,10.7101353766073,105.421236293539,10.6950622202617,105.582232504425,58.871061297953,50.458659717415,2008.20235251782,2016.61475409836,17.6907051841759
375,399,9.69327490853445,10.9404584501786,105.286226841746,11.5169712450218,105.032948616052,48.0533451670794,38.360070258545,1996.10376305895,2005.79703796749,69.8847810452149
399,18,6.7985904478134,11.5169712450218,105.032948616052,11.2716853856464,104.750799219844,54.8519356148929,48.0533451670794,2005.79703796749,2012.5956284153,41.1546421760656
399,157,7.438578470869,11.5169712450218,105.032948616052,11.3460301919571,105.035479495578,55.4919236379484,48.0533451670794,2005.79703796749,2013.23561643835,19.0318235144747
374,400,27.9303948516696,10.9129342160553,105.284782607547,11.3508012496993,105.140263532386,48.2926265653477,20.3622317136781,1978.10592451408,2006.03631936575,51.2373694380776
400,103,8.02121488081997,11.3508012496993,105.140263532386,11.1613910432416,104.916646379577,56.3138414461677,48.2926265653477,2006.03631936575,2014.05753424657,32.2600333171377
400,401,3.66219585491444,11.3508012496993,105.140263532386,11.3719162568087,105.012414465182,51.9548224202622,48.2926265653477,2006.03631936575,2009.69851522067,14.150356088591
401,402,1.14907573218105,11.3719162568087,105.012414465182,11.6705208639985,104.770914018567,53.1038981524432,51.9548224202622,2009.69851522067,2010.84759095285,42.4143086013628
402,403,2.80698696219444,11.6705208639985,104.770914018567,11.6400344326606,104.828508032266,55.9108851146377,53.1038981524432,2010.84759095285,2013.65457791504,7.1378591873784
403,122,3.24432918877982,11.6400344326606,104.828508032266,11.6459866569637,104.847309948172,59.1552143034175,55.9108851146377,2013.65457791504,2016.89890710382,2.15446344403485
403,189,3.11318164779617,11.6400344326606,104.828508032266,11.6456103880637,104.912138611037,59.0240667624338,55.9108851146377,2013.65457791504,2016.76775956284,9.13962570696564
402,199,4.71131315673816,11.6705208639985,104.770914018567,11.669424573588,104.839753896599,57.8152113091814,53.1038981524432,2010.84759095285,2015.55890410959,7.50610092485037
401,404,1.30051751328299,11.3719162568087,105.012414465182,11.3931229283948,105.151707502128,53.2553399335452,51.9548224202622,2009.69851522067,2010.99903273395,15.3838706051029
404,405,2.70345421225874,11.3931229283948,105.151707502128,11.4430452826557,105.24573718952,55.9587941458039,53.2553399335452,2010.99903273395,2013.70248694621,11.6690115375604
405,125,0.870115793514501,11.4430452826557,105.24573718952,11.4562712623249,105.244413294807,56.8289099393184,55.9587941458039,2013.70248694621,2014.57260273972,1.47943590986225
405,39,1.61806099899398,11.4430452826557,105.24573718952,11.5543879696452,105.294789152673,57.5768551447979,55.9587941458039,2013.70248694621,2015.3205479452,13.500824189778
404,14,6.95439192358137,11.3931229283948,105.151707502128,11.2921492683548,105.216931878649,60.2097318571265,53.2553399335452,2010.99903273395,2017.95342465753,13.3055728812336
